1 3 2314
1 4 2243
1 5 2156
1 6 1857
1 7 4551
1 9 4761
1 10 2900
1 11 9609
1 12 9578
1 16 2219
1 18 4120
1 19 7039
1 21 1034
1 22 5358
1 23 2112
1 24 2377
1 25 3232
1 26 2041
3 1 2293
3 4 2439
3 5 3022
3 6 4144
3 7 5644
3 9 4957
3 10 3331
3 11 10220
3 12 10190
3 16 1613
3 18 4573
3 19 9144
3 21 1680
3 22 3917
3 23 2159
3 24 4505
3 25 5269
3 26 4328
4 1 2236
4 3 2493
4 5 3836
4 6 3779
4 7 3217
4 9 2530
4 10 4462
4 11 11382
4 12 11351
4 16 1161
4 18 2146
4 19 9058
4 21 2050
4 22 5967
4 23 675
4 24 4396
4 25 2912
4 26 3965
5 1 2144
5 3 3045
5 4 3829
5 6 2794
5 7 6479
5 9 6271
5 10 1112
5 11 7587
5 12 7556
5 16 3688
5 18 5887
5 19 6252
5 21 1917
5 22 4340
5 23 3581
5 24 2022
5 25 5160
5 26 2979
6 1 1845
6 3 4153
6 4 3757
6 5 2789
6 7 5021
6 9 5231
6 10 3699
6 11 9998
6 12 9968
6 16 4057
6 18 4591
6 19 6604
6 21 2787
6 22 6650
6 23 4004
6 24 2002
6 25 3702
6 26 798
7 1 4562
7 3 5677
7 4 3195
7 5 6503
7 6 5058
7 9 1411
7 10 7247
7 11 13908
7 12 13878
7 16 4345
7 18 1138
7 19 10842
7 21 5169
7 22 9151
7 23 3859
7 24 6240
7 25 2089
7 26 5244
9 1 4536
9 3 4948
9 4 2466
9 5 6227
9 6 5259
9 7 1388
9 10 6853
9 11 13772
9 12 13742
9 16 3616
9 18 590
9 19 11043
9 21 4440
9 22 8422
9 23 3130
9 24 6441
9 25 2484
9 26 5445
10 1 2879
10 3 3368
10 4 4451
10 5 1118
10 6 3679
10 7 7214
10 9 6893
10 11 7686
10 12 7656
10 16 4310
10 18 6509
10 19 6816
10 21 2539
10 22 4145
10 23 4203
10 24 2650
10 25 5895
10 26 3863
11 1 9439
11 3 10300
11 4 11235
11 5 7449
11 6 9843
11 7 13733
11 9 13943
11 10 7574
11 12 27
11 16 11093
11 18 13303
11 19 7398
11 21 9323
11 22 7794
11 23 10986
11 24 8325
11 25 12415
11 26 9904
12 1 9409
12 3 10270
12 4 11204
12 5 7419
12 6 9813
12 7 13703
12 9 13913
12 10 7544
12 11 28
12 16 11063
12 18 13273
12 19 7367
12 21 9292
12 22 7764
12 23 10956
12 24 8294
12 25 12384
12 26 9874
16 1 2192
16 3 1649
16 4 1143
16 5 3712
16 6 4043
16 7 4348
16 9 3661
16 10 4315
16 11 11257
16 12 11227
16 18 3277
16 19 9225
16 21 1903
16 22 5123
16 23 836
16 24 4563
16 25 4043
16 26 4228
18 1 4130
18 3 4559
18 4 2077
18 5 5838
18 6 4626
18 7 1125
18 9 584
18 10 6464
18 11 13476
18 12 13446
18 16 3227
18 19 10409
18 21 4051
18 22 8033
18 23 2741
18 24 5807
18 25 1930
18 26 4812
19 1 6991
19 3 9042
19 4 9016
19 5 6136
19 6 6586
19 7 10786
19 9 10996
19 10 6707
19 11 7534
19 12 7504
19 16 9204
19 18 10356
19 21 7837
19 22 8702
19 23 9097
19 24 5053
19 25 9467
19 26 6450
21 1 986
21 3 1671
21 4 2038
21 5 1913
21 6 2762
21 7 5167
21 9 4479
21 10 2540
21 11 9459
21 12 9429
21 16 1897
21 18 4096
21 19 7914
21 22 4554
21 23 1789
21 24 3252
21 25 4212
21 26 2947
22 1 5252
22 3 3883
22 4 5884
22 5 4258
22 6 6572
22 7 9089
22 9 8401
22 10 4056
22 11 7601
22 12 7571
22 16 5057
22 18 8018
22 19 8725
22 21 4477
22 23 5625
22 24 6111
22 25 8416
22 26 6757
23 1 2093
23 3 2161
23 4 674
23 5 3590
23 6 3944
23 7 3879
23 9 3191
23 10 4217
23 11 11136
23 12 11106
23 16 840
23 18 2808
23 19 9126
23 21 1804
23 22 5690
23 24 4464
23 25 3574
23 26 4129
24 1 2371
24 3 4503
24 4 4396
24 5 1998
24 6 2025
24 7 6225
24 9 6435
24 10 2667
24 11 8469
24 12 8439
24 16 4584
24 18 5795
24 19 5115
24 21 3285
24 22 6217
24 23 4477
24 25 4906
24 26 1889
25 1 3262
25 3 5317
25 4 2960
25 5 5203
25 6 3758
25 7 2102
25 9 2503
25 10 5947
25 11 12608
25 12 12578
25 16 4110
25 18 1964
25 19 9542
25 21 4274
25 22 8553
25 23 3624
25 24 4940
25 26 3944
26 1 2081
26 3 4389
26 4 3995
26 5 3026
26 6 849
26 7 5259
26 9 5469
26 10 3935
26 11 10076
26 12 10046
26 16 4294
26 18 4829
26 19 6524
26 21 3023
26 22 6886
26 23 4242
26 24 1922
26 25 3940
