10126637@N02 1365314352.0 12 1
10126637@N02 1365314896.0 11 1
10216976@N05 1332119449.0 18 2
10216976@N05 1332119539.0 18 2
10297667@N06 1256000375.0 18 4
10297667@N06 1256002254.0 18 4
10297667@N06 1256007830.0 18 4
10297667@N06 1256007932.0 18 4
10297667@N06 1256008350.0 18 4
10297667@N06 1256008619.0 18 4
10297667@N06 1256008975.0 18 4
10297667@N06 1256009032.0 18 4
10297667@N06 1256009792.0 18 4
10297667@N06 1256010157.0 18 4
10297667@N06 1256013082.0 7 4
10297667@N06 1256014002.0 7 4
10297667@N06 1256014934.0 7 4
10297667@N06 1256015966.0 7 4
10297667@N06 1256017730.0 7 4
10297667@N06 1256018874.0 7 4
10297667@N06 1286686460.0 16 6
10297667@N06 1286686549.0 16 6
10297667@N06 1286704337.0 16 6
10297667@N06 1319069995.0 23 9
10297667@N06 1319070360.0 23 9
10297667@N06 1319157392.0 16 10
10297667@N06 1319167191.0 19 10
10297667@N06 1353716118.0 25 12
10297667@N06 1353716145.0 25 12
10297667@N06 1353743424.0 16 12
10297667@N06 1353743437.0 16 12
10297667@N06 1353744002.0 16 12
10297667@N06 1353744209.0 16 12
10297667@N06 1354768094.0 9 13
10297667@N06 1354769500.0 9 13
10297667@N06 1354769556.0 9 13
10297667@N06 1386220002.0 9 14
10297667@N06 1386220072.0 9 14
10297667@N06 1386220111.0 9 14
10297667@N06 1386220119.0 9 14
10297667@N06 1386220126.0 9 14
10297667@N06 1386237504.0 16 14
10297667@N06 1386237512.0 16 14
105106606@N05 1320365146.0 18 17
105106606@N05 1320378361.0 18 17
10747684@N00 1319759132.0 25 18
10747684@N00 1319780541.0 1 18
10747684@N00 1319780697.0 1 18
10747684@N00 1319780815.0 1 18
12078789@N00 1362177119.0 7 24
12078789@N00 1362177179.0 7 24
12078789@N00 1362177241.0 7 24
12078789@N00 1362177288.0 7 24
12078789@N00 1362178414.0 7 24
12078789@N00 1362178550.0 7 24
12078789@N00 1362179635.0 7 24
12078789@N00 1362179672.0 7 24
12373974@N07 1291179294.0 25 26
12373974@N07 1291179518.0 25 26
12373974@N07 1291179649.0 25 26
12373974@N07 1291179869.0 25 26
12373974@N07 1291179917.0 25 26
12373974@N07 1291180003.0 25 26
12373974@N07 1291180284.0 25 26
12373974@N07 1291180610.0 25 26
12373974@N07 1291180658.0 25 26
12373974@N07 1291182292.0 1 26
12373974@N07 1291182367.0 1 26
12373974@N07 1291182409.0 1 26
12373974@N07 1291182481.0 1 26
12373974@N07 1291182556.0 1 26
12373974@N07 1291182650.0 1 26
12373974@N07 1291182698.0 1 26
12373974@N07 1291182867.0 1 26
12373974@N07 1291182915.0 1 26
13910409@N05 1073786322.0 12 30
13910409@N05 1073786625.0 12 30
13910409@N05 1073787139.0 12 30
13910409@N05 1073787717.0 12 30
13910409@N05 1073788209.0 12 30
13910409@N05 1073789003.0 12 30
14021337@N00 1300331483.0 7 32
14021337@N00 1300331596.0 7 32
14021337@N00 1300331747.0 7 32
14021337@N00 1300334452.0 7 32
14021337@N00 1300340501.0 9 32
14021337@N00 1300340503.0 9 32
14021337@N00 1300341567.0 18 32
14021337@N00 1300341583.0 18 32
14021337@N00 1300341584.0 18 32
14021337@N00 1300343631.0 18 32
14021337@N00 1300343943.0 18 32
14707846@N00 1388104239.0 18 33
14707846@N00 1388104275.0 18 33
14707846@N00 1388110929.0 11 33
14707846@N00 1388111273.0 11 33
14707846@N00 1388111372.0 11 33
14707846@N00 1388112194.0 11 33
14707846@N00 1388112801.0 12 33
15631329@N00 1098934702.0 7 34
15631329@N00 1098935074.0 7 34
15631329@N00 1098939969.0 18 34
15631329@N00 1098941513.0 18 34
15631329@N00 1098941523.0 18 34
16069488@N00 1392714817.0 18 36
16069488@N00 1392714926.0 18 36
16983412@N00 1158371279.0 1 38
16983412@N00 1158371343.0 1 38
16983412@N00 1158371348.0 1 38
16983412@N00 1158371355.0 1 38
16999444@N08 1339762071.0 12 41
16999444@N08 1339763068.0 12 41
16999444@N08 1339763154.0 12 41
16999444@N08 1339763413.0 12 41
16999444@N08 1339763457.0 12 41
16999444@N08 1339764035.0 12 41
16999444@N08 1339764408.0 12 41
16999444@N08 1339764581.0 12 41
16999444@N08 1339764777.0 12 41
17118606@N00 1254794510.0 6 42
17118606@N00 1254797133.0 6 42
17118606@N00 1254797385.0 6 42
17118606@N00 1254798640.0 6 42
17118606@N00 1254798707.0 6 42
17118606@N00 1254798852.0 6 42
17118606@N00 1254798885.0 6 42
17118606@N00 1254798908.0 6 42
17118606@N00 1254798960.0 6 42
17118606@N00 1254798971.0 6 42
17118606@N00 1254798984.0 6 42
17118606@N00 1254799064.0 6 42
17118606@N00 1254799081.0 6 42
17118606@N00 1254799248.0 6 42
17118606@N00 1254799694.0 6 42
17118606@N00 1254799738.0 6 42
17118606@N00 1254800384.0 6 42
17118606@N00 1254800876.0 6 42
17118606@N00 1254800895.0 6 42
17118606@N00 1254801188.0 6 42
17118606@N00 1254801293.0 6 42
17118606@N00 1254801298.0 6 42
17118606@N00 1254801303.0 6 42
17118606@N00 1254801800.0 6 42
17118606@N00 1254801872.0 6 42
17118606@N00 1254801883.0 6 42
17118606@N00 1254817763.0 6 42
17118606@N00 1254817763.0 6 42
17118606@N00 1254818174.0 6 42
17118606@N00 1254818209.0 6 42
17118606@N00 1254818301.0 6 42
17118606@N00 1254818343.0 6 42
17118606@N00 1254818367.0 6 42
17118606@N00 1254818372.0 6 42
17118606@N00 1254818402.0 6 42
17118606@N00 1254818457.0 6 42
17118606@N00 1254818735.0 6 42
17118606@N00 1254818805.0 6 42
17118606@N00 1254818813.0 6 42
17118606@N00 1254818824.0 6 42
17118606@N00 1254818840.0 6 42
17118606@N00 1254818916.0 6 42
17118606@N00 1254819054.0 6 42
17118606@N00 1254819064.0 6 42
17118606@N00 1254819084.0 6 42
17118606@N00 1254819201.0 6 42
17118606@N00 1254819727.0 6 42
17118606@N00 1254820722.0 6 42
17118606@N00 1254820771.0 6 42
17118606@N00 1254821038.0 6 42
17118606@N00 1254821047.0 6 42
17118606@N00 1254821114.0 6 42
17118606@N00 1254821116.0 6 42
17118606@N00 1254821117.0 6 42
17118606@N00 1254821118.0 6 42
17118606@N00 1254821183.0 6 42
17118606@N00 1254821186.0 6 42
17118606@N00 1254821195.0 6 42
17306001@N00 1144273679.0 5 43
17306001@N00 1144273698.0 5 43
17306001@N00 1144273900.0 5 43
17528760@N00 1330123800.0 18 44
17528760@N00 1330128248.0 9 44
17642817@N00 1351016379.0 18 45
17642817@N00 1351016692.0 18 45
17642817@N00 1351016760.0 18 45
17754816@N00 1392262512.0 7 46
17754816@N00 1392265033.0 7 46
17754816@N00 1392265537.0 18 46
17754816@N00 1392266725.0 18 46
17754816@N00 1392266736.0 18 46
17754816@N00 1392266824.0 18 46
17754816@N00 1392266852.0 18 46
17754816@N00 1392267140.0 18 46
19261460@N00 1189911685.0 18 48
19261460@N00 1189912242.0 18 48
19261460@N00 1189912315.0 18 48
19261460@N00 1189912343.0 18 48
19261460@N00 1189912370.0 18 48
19261460@N00 1189912471.0 18 48
19261460@N00 1189912501.0 18 48
19261460@N00 1189912557.0 18 48
19261460@N00 1189912975.0 18 48
19261460@N00 1189913018.0 18 48
19261460@N00 1189913133.0 18 48
19261460@N00 1189913153.0 18 48
19261460@N00 1189913213.0 18 48
19261460@N00 1189913229.0 18 48
19261460@N00 1189913249.0 18 48
19261460@N00 1189913279.0 18 48
19261460@N00 1189913288.0 18 48
19261460@N00 1189913334.0 18 48
19261460@N00 1189913392.0 18 48
19261460@N00 1189913410.0 18 48
19261460@N00 1189913689.0 18 48
19261460@N00 1189917278.0 18 48
19261460@N00 1189917526.0 18 48
19261460@N00 1189917616.0 18 48
19261460@N00 1189917649.0 18 48
19261460@N00 1189918615.0 18 48
19261460@N00 1189918645.0 18 48
19261460@N00 1189918776.0 18 48
19261460@N00 1189918859.0 18 48
19261460@N00 1189918879.0 18 48
19261460@N00 1189918898.0 18 48
19261460@N00 1189918912.0 18 48
19261460@N00 1189919021.0 18 48
19261460@N00 1189919066.0 18 48
19261460@N00 1189919080.0 18 48
19261460@N00 1189919415.0 18 48
19261460@N00 1189919428.0 18 48
19261460@N00 1189919531.0 18 48
19261460@N00 1189919553.0 18 48
19261460@N00 1189919719.0 18 48
19261460@N00 1189919919.0 18 48
19261460@N00 1189920465.0 18 48
19261460@N00 1189920487.0 18 48
19261460@N00 1189920507.0 18 48
19261460@N00 1189920575.0 18 48
19261460@N00 1189921569.0 18 48
19261460@N00 1189921586.0 18 48
19261460@N00 1189921594.0 18 48
19261460@N00 1204417148.0 4 51
19261460@N00 1204417172.0 4 51
19261460@N00 1204417529.0 4 51
19261460@N00 1204419257.0 4 51
19261460@N00 1204419323.0 4 51
19261460@N00 1204419537.0 4 51
19261460@N00 1204420239.0 4 51
19261460@N00 1204421726.0 4 51
19261460@N00 1204421917.0 4 51
19261460@N00 1204422929.0 4 51
19261460@N00 1204422958.0 4 51
19261460@N00 1204422978.0 4 51
19261460@N00 1204422994.0 4 51
19261460@N00 1204423058.0 4 51
20326150@N00 1262701576.0 18 53
20326150@N00 1262701798.0 18 53
20326150@N00 1262702110.0 18 53
20326150@N00 1262702238.0 18 53
20326150@N00 1262702254.0 18 53
20326150@N00 1262702309.0 18 53
20326150@N00 1262702331.0 18 53
20326150@N00 1262702341.0 18 53
20326150@N00 1262702389.0 18 53
20326150@N00 1262702451.0 18 53
20326150@N00 1262702484.0 18 53
20326150@N00 1262702513.0 18 53
20326150@N00 1262702537.0 18 53
20326150@N00 1262702549.0 18 53
20326150@N00 1262703002.0 18 53
21854604@N00 1226152442.0 1 57
21854604@N00 1226159645.0 5 57
22298448@N00 1191768358.0 12 59
22298448@N00 1191769285.0 12 59
22298448@N00 1191770520.0 12 59
22298448@N00 1198988388.0 12 60
22298448@N00 1198988773.0 12 60
22298448@N00 1198988902.0 12 60
22298448@N00 1198989146.0 12 60
22298448@N00 1198991722.0 12 60
22298448@N00 1198993105.0 12 60
22451301@N00 1324586694.0 7 61
22451301@N00 1324586701.0 7 61
22451301@N00 1324586825.0 7 61
22451301@N00 1324586951.0 7 61
22451301@N00 1324587075.0 7 61
22451301@N00 1324587127.0 7 61
22451301@N00 1324587180.0 7 61
22890158@N08 1385790002.0 19 63
22890158@N08 1385790004.0 19 63
22890158@N08 1385790033.0 19 63
22890158@N08 1385790036.0 19 63
22890158@N08 1385790198.0 19 63
22890158@N08 1385790317.0 19 63
22890158@N08 1385790374.0 19 63
22890158@N08 1385790702.0 19 63
22890158@N08 1385790719.0 19 63
22890158@N08 1385790800.0 19 63
22890158@N08 1385791809.0 19 63
22890158@N08 1385791900.0 19 63
23245178@N08 1135787422.0 7 64
23245178@N08 1135787719.0 7 64
23245178@N08 1135789533.0 7 64
23245178@N08 1135789663.0 7 64
23382024@N00 1258233353.0 7 66
23382024@N00 1258233493.0 7 66
23382024@N00 1258233918.0 7 66
23382024@N00 1258233982.0 7 66
23382024@N00 1258233998.0 7 66
23382024@N00 1258234077.0 7 66
23382024@N00 1258234190.0 7 66
23382024@N00 1258234330.0 7 66
23382024@N00 1258235723.0 7 66
23382024@N00 1258237592.0 7 66
23382024@N00 1258239230.0 18 66
23382024@N00 1258239407.0 18 66
23382024@N00 1258243792.0 18 66
23382024@N00 1258243849.0 18 66
23382024@N00 1258243880.0 18 66
23382024@N00 1258245131.0 18 66
23391210@N06 1266450208.0 12 67
23391210@N06 1266450305.0 12 67
23391210@N06 1266450825.0 12 67
23391210@N06 1266450890.0 12 67
23391210@N06 1266451004.0 12 67
23391210@N06 1266451130.0 12 67
23391210@N06 1266451243.0 12 67
23531860@N00 1356967058.0 18 70
23531860@N00 1356970295.0 18 70
23531860@N00 1356970433.0 18 70
23531860@N00 1356970840.0 18 70
23531860@N00 1356971486.0 18 70
23531860@N00 1356973794.0 18 70
23838749@N07 1261353108.0 18 72
23838749@N07 1261353566.0 18 72
24086895@N00 1156724457.0 18 73
24086895@N00 1156725049.0 18 73
24086895@N00 1156725049.0 18 73
24086895@N00 1156725138.0 18 73
24086895@N00 1156725171.0 18 73
24086895@N00 1156725294.0 18 73
24086895@N00 1156725383.0 18 73
24086895@N00 1156725383.0 18 73
24086895@N00 1156725490.0 18 73
24086895@N00 1156726611.0 18 73
24086895@N00 1156726611.0 18 73
24086895@N00 1156727655.0 25 73
24086895@N00 1156728738.0 25 73
24086895@N00 1156735477.0 16 73
24086895@N00 1156735665.0 16 73
24086895@N00 1156737125.0 1 73
24086895@N00 1156737138.0 1 73
24086895@N00 1156737227.0 1 73
24086895@N00 1156738187.0 1 73
24086895@N00 1156745441.0 11 73
24086895@N00 1156745489.0 11 73
24086895@N00 1156746489.0 11 73
24086895@N00 1156746652.0 11 73
24086895@N00 1156746666.0 11 73
24086895@N00 1156746678.0 11 73
24086895@N00 1156746697.0 11 73
24086895@N00 1156746929.0 11 73
24086895@N00 1156746965.0 11 73
24086895@N00 1156747115.0 11 73
24086895@N00 1156747147.0 11 73
24086895@N00 1156747159.0 11 73
24086895@N00 1156747249.0 11 73
24086895@N00 1156747272.0 11 73
24086895@N00 1156747369.0 11 73
24086895@N00 1156747396.0 11 73
24086895@N00 1156747684.0 12 73
24086895@N00 1156747701.0 12 73
24151837@N08 1209586034.0 18 74
24151837@N08 1209596220.0 16 74
24151837@N08 1209599964.0 16 74
24394672@N00 1317779666.0 7 77
24394672@N00 1317779959.0 7 77
24394672@N00 1317780145.0 7 77
24394672@N00 1317780222.0 7 77
24394672@N00 1317780419.0 7 77
24394672@N00 1317864372.0 5 78
24394672@N00 1317864409.0 5 78
24483343@N03 1228891105.0 23 81
24483343@N03 1228891145.0 23 81
24483343@N03 1228891256.0 23 81
24483343@N03 1228891269.0 23 81
24483343@N03 1228891393.0 23 81
24483343@N03 1228891409.0 23 81
24483343@N03 1228891451.0 23 81
24483343@N03 1228891495.0 23 81
24483343@N03 1228891584.0 23 81
24483343@N03 1228891704.0 23 81
24483343@N03 1228891743.0 23 81
24483343@N03 1228891798.0 23 81
24483343@N03 1228891860.0 23 81
24483343@N03 1228892116.0 23 81
24483343@N03 1228892126.0 23 81
24483343@N03 1228892230.0 23 81
24483343@N03 1228892285.0 23 81
24483343@N03 1228892647.0 23 81
24483343@N03 1228892680.0 23 81
24483343@N03 1228892868.0 23 81
24483343@N03 1228895225.0 23 81
24741597@N00 1381776052.0 18 83
24741597@N00 1381776702.0 18 83
25095063@N04 1269155861.0 1 84
25095063@N04 1269155890.0 1 84
25095063@N04 1269155919.0 1 84
25095063@N04 1269155938.0 1 84
25095063@N04 1269155960.0 1 84
25095063@N04 1269155969.0 1 84
25095063@N04 1269155992.0 1 84
25095063@N04 1269156000.0 1 84
25095063@N04 1269156013.0 1 84
25095063@N04 1269156025.0 1 84
25095063@N04 1269156036.0 1 84
25095063@N04 1269156044.0 1 84
25095063@N04 1269156072.0 1 84
25095063@N04 1269156086.0 1 84
25095063@N04 1269156099.0 1 84
25095063@N04 1269156111.0 1 84
25095063@N04 1269156119.0 1 84
25095063@N04 1269156125.0 1 84
25095063@N04 1269156136.0 1 84
25095063@N04 1269156145.0 1 84
25095063@N04 1269156162.0 1 84
25095063@N04 1269156192.0 1 84
25095063@N04 1269156198.0 1 84
25095063@N04 1269156209.0 1 84
25095063@N04 1269156218.0 1 84
25095063@N04 1269156227.0 1 84
25095063@N04 1269156272.0 1 84
25095063@N04 1269156284.0 1 84
25095063@N04 1269156301.0 1 84
25095063@N04 1269156310.0 1 84
25095063@N04 1269156317.0 1 84
25095063@N04 1269156336.0 1 84
25095063@N04 1269156360.0 1 84
25095063@N04 1269156367.0 1 84
25095063@N04 1269156377.0 1 84
25095063@N04 1269156425.0 1 84
25095063@N04 1269156430.0 1 84
25095063@N04 1269156447.0 1 84
25095063@N04 1269156455.0 1 84
25095063@N04 1269156465.0 1 84
25095063@N04 1269156472.0 1 84
25095063@N04 1269156479.0 1 84
25095063@N04 1269156484.0 1 84
25095063@N04 1269156497.0 1 84
25095063@N04 1269156509.0 1 84
25095063@N04 1269156516.0 1 84
25095063@N04 1269156527.0 1 84
25095063@N04 1269156553.0 1 84
25095063@N04 1269156563.0 1 84
25095063@N04 1269156578.0 1 84
25095063@N04 1269156595.0 1 84
25095063@N04 1269156608.0 1 84
25095063@N04 1269156619.0 1 84
25095063@N04 1269156651.0 1 84
25095063@N04 1269156664.0 1 84
25095063@N04 1269156670.0 1 84
25095063@N04 1269156676.0 1 84
25095063@N04 1269156682.0 1 84
25095063@N04 1269156696.0 1 84
25095063@N04 1269156725.0 1 84
25095063@N04 1269156732.0 1 84
25095063@N04 1269156744.0 1 84
25095063@N04 1269156750.0 1 84
25095063@N04 1269156766.0 1 84
25095063@N04 1269156857.0 1 84
25095063@N04 1269156867.0 1 84
25095063@N04 1269156872.0 1 84
25095063@N04 1269156947.0 1 84
25095063@N04 1269157468.0 1 84
25095063@N04 1269157475.0 1 84
25095063@N04 1269157497.0 1 84
25095063@N04 1269157591.0 1 84
25095063@N04 1269157601.0 1 84
25095063@N04 1269157608.0 1 84
25095063@N04 1269157643.0 1 84
25095063@N04 1269157647.0 1 84
25095063@N04 1269157694.0 1 84
25095063@N04 1269157701.0 1 84
25095063@N04 1269157717.0 1 84
25095063@N04 1269157756.0 1 84
25095063@N04 1269157771.0 1 84
25095063@N04 1269157778.0 1 84
25095063@N04 1269157789.0 1 84
25095063@N04 1269157795.0 1 84
25095063@N04 1269157811.0 1 84
25095063@N04 1269157936.0 1 84
25095063@N04 1269157951.0 1 84
25095063@N04 1269158019.0 1 84
25095063@N04 1269159742.0 1 84
25095063@N04 1278413140.0 4 85
25095063@N04 1278414533.0 4 85
25095063@N04 1278414833.0 4 85
25095063@N04 1278414927.0 4 85
25095063@N04 1278414988.0 4 85
25095063@N04 1278415103.0 4 85
25095063@N04 1278415114.0 4 85
25095063@N04 1278415192.0 4 85
25095063@N04 1278415203.0 4 85
25095063@N04 1278415278.0 4 85
25095063@N04 1278416093.0 4 85
25095063@N04 1280037726.0 4 87
25095063@N04 1280038073.0 4 87
25095063@N04 1288336809.0 1 88
25095063@N04 1288336815.0 1 88
25095063@N04 1288336849.0 1 88
25095063@N04 1288336858.0 1 88
25095063@N04 1288336902.0 1 88
25095063@N04 1288336916.0 1 88
25095063@N04 1288336928.0 1 88
25095063@N04 1288336934.0 1 88
25095063@N04 1288336951.0 1 88
25095063@N04 1288336968.0 1 88
25095063@N04 1288336973.0 1 88
25095063@N04 1288337021.0 1 88
25095063@N04 1288337029.0 1 88
25095063@N04 1288337035.0 1 88
25095063@N04 1288337081.0 1 88
25095063@N04 1288337093.0 1 88
25095063@N04 1288337101.0 1 88
25095063@N04 1288337113.0 1 88
25095063@N04 1288337144.0 1 88
25095063@N04 1288337162.0 1 88
25095063@N04 1288337171.0 1 88
25095063@N04 1288337191.0 1 88
25095063@N04 1288337196.0 1 88
25095063@N04 1288337250.0 1 88
25095063@N04 1288337266.0 1 88
25095063@N04 1288337284.0 1 88
25095063@N04 1288337309.0 1 88
25095063@N04 1288337348.0 1 88
25095063@N04 1288337356.0 1 88
25095063@N04 1288337375.0 1 88
25095063@N04 1288337389.0 1 88
25095063@N04 1288337403.0 1 88
25095063@N04 1288337409.0 1 88
25095063@N04 1288337420.0 1 88
25095063@N04 1288337434.0 1 88
25095063@N04 1288337442.0 1 88
25095063@N04 1288337457.0 1 88
25095063@N04 1288337491.0 1 88
25095063@N04 1288337500.0 1 88
25095063@N04 1288337520.0 1 88
25095063@N04 1288337532.0 1 88
25095063@N04 1288337675.0 1 88
25095063@N04 1288337684.0 1 88
25095063@N04 1288337693.0 1 88
25095063@N04 1288337704.0 1 88
25095063@N04 1288337812.0 1 88
25095063@N04 1288337820.0 1 88
25095063@N04 1288337829.0 1 88
25095063@N04 1288337835.0 1 88
25095063@N04 1288337845.0 1 88
25095063@N04 1288337862.0 1 88
25095063@N04 1288508635.0 9 89
25095063@N04 1288508669.0 9 89
25095063@N04 1288508679.0 9 89
25095063@N04 1288508689.0 9 89
25095063@N04 1288508698.0 9 89
25095063@N04 1288508705.0 9 89
25095063@N04 1288508710.0 9 89
25095063@N04 1288508716.0 9 89
25095063@N04 1288508924.0 9 89
25095063@N04 1288508931.0 9 89
25095063@N04 1288509049.0 9 89
25095063@N04 1288509105.0 9 89
25095063@N04 1288509164.0 9 89
25095063@N04 1288509196.0 9 89
25095063@N04 1288509235.0 9 89
25095063@N04 1288509247.0 9 89
25095063@N04 1288509256.0 9 89
25095063@N04 1288509565.0 9 89
25095063@N04 1288510094.0 9 89
25095063@N04 1288510293.0 9 89
25095063@N04 1322818133.0 6 90
25095063@N04 1322818545.0 6 90
25095063@N04 1322822443.0 6 90
25408035@N03 1233358815.0 26 91
25408035@N03 1233359732.0 26 91
25408035@N03 1233359897.0 26 91
25408035@N03 1233361992.0 26 91
25408035@N03 1233362013.0 26 91
25408035@N03 1233370787.0 26 91
25408035@N03 1234944543.0 1 92
25408035@N03 1234947900.0 1 92
25512955@N00 1154731432.0 7 93
25512955@N00 1154732075.0 7 93
25512955@N00 1154732691.0 7 93
25512955@N00 1154733252.0 7 93
25588248@N00 1271380493.0 7 94
25588248@N00 1271380595.0 7 94
25588248@N00 1271552080.0 18 95
25588248@N00 1271552954.0 18 95
25588248@N00 1271553149.0 18 95
25869855@N04 1303963166.0 25 96
25869855@N04 1303963319.0 25 96
25869855@N04 1303963459.0 25 96
25869855@N04 1303970721.0 18 96
25869855@N04 1303970730.0 18 96
25869855@N04 1303970797.0 18 96
25869855@N04 1303970879.0 18 96
25869855@N04 1303970891.0 18 96
25869855@N04 1303971598.0 18 96
25869855@N04 1303971628.0 18 96
25869855@N04 1303971755.0 18 96
25869855@N04 1303971880.0 18 96
25869855@N04 1303972405.0 18 96
25869855@N04 1303974046.0 7 96
25869855@N04 1303974058.0 7 96
25869855@N04 1303974065.0 7 96
25869855@N04 1303974306.0 7 96
25869855@N04 1303974320.0 7 96
25869855@N04 1303974328.0 7 96
25869855@N04 1303974339.0 7 96
25869855@N04 1303974441.0 7 96
25869855@N04 1303974452.0 7 96
25869855@N04 1303974554.0 7 96
25869855@N04 1303974561.0 7 96
25869855@N04 1303974569.0 7 96
25869855@N04 1303974606.0 7 96
25869855@N04 1303974715.0 7 96
25869855@N04 1303974721.0 7 96
25869855@N04 1303974730.0 7 96
25869855@N04 1303974764.0 7 96
25869855@N04 1303974776.0 7 96
25869855@N04 1303974845.0 7 96
25869855@N04 1303975381.0 7 96
25869855@N04 1303976536.0 7 96
26768896@N00 1377230829.0 1 99
26768896@N00 1377234413.0 19 99
26768896@N00 1377234419.0 19 99
26768896@N00 1377234432.0 19 99
26768896@N00 1377234894.0 19 99
26768896@N00 1377235111.0 19 99
27233929@N03 1292426734.0 23 100
27233929@N03 1292432710.0 1 100
27233929@N03 1292433476.0 1 100
27326713@N02 1308192530.0 21 101
27326713@N02 1308192655.0 21 101
27326713@N02 1308192756.0 21 101
27326713@N02 1308198427.0 21 101
27326713@N02 1308198945.0 21 101
27326713@N02 1308199317.0 21 101
27326713@N02 1308199645.0 21 101
27326713@N02 1308356322.0 7 103
27326713@N02 1308356819.0 7 103
27326713@N02 1308357078.0 7 103
27326713@N02 1308357327.0 7 103
27326713@N02 1308357729.0 7 103
27326713@N02 1308358359.0 7 103
27326713@N02 1308358433.0 7 103
27326713@N02 1308358550.0 7 103
27326713@N02 1308358613.0 7 103
27326713@N02 1308361162.0 7 103
27326713@N02 1308361162.0 7 103
27326713@N02 1308361262.0 7 103
27326713@N02 1308361641.0 7 103
27326713@N02 1308362267.0 7 103
28036738@N04 1139987559.0 9 104
28036738@N04 1139987663.0 9 104
28036738@N04 1139989423.0 18 104
28565785@N02 1340977622.0 1 106
28565785@N02 1340977945.0 1 106
28565785@N02 1340978252.0 1 106
28565785@N02 1340980807.0 18 106
28565785@N02 1340981348.0 18 106
28565785@N02 1340981536.0 18 106
28565785@N02 1340981598.0 18 106
28565785@N02 1340981697.0 18 106
28565785@N02 1340982166.0 18 106
28565785@N02 1341011144.0 7 107
28565785@N02 1341011279.0 7 107
30801309@N06 1280558673.0 18 109
30801309@N06 1280560787.0 18 109
30818981@N04 1280626256.0 18 110
30818981@N04 1280642660.0 18 110
30818981@N04 1280642895.0 18 110
30818981@N04 1280643338.0 18 110
30818981@N04 1280648007.0 18 110
30889436@N05 1233327887.0 26 111
30889436@N05 1233327952.0 26 111
30889436@N05 1233327973.0 26 111
30889436@N05 1233328092.0 26 111
30889436@N05 1233332787.0 26 111
30889436@N05 1233332823.0 26 111
30889436@N05 1233332829.0 26 111
30889436@N05 1233334396.0 26 111
30889436@N05 1233334464.0 26 111
30889436@N05 1233334502.0 26 111
30889436@N05 1233334628.0 26 111
31106556@N00 1292674439.0 23 113
31106556@N00 1292674475.0 23 113
31106556@N00 1292738577.0 1 114
31106556@N00 1292738667.0 1 114
31106556@N00 1292738890.0 1 114
31809416@N04 1339403952.0 9 115
31809416@N04 1339404298.0 9 115
31809416@N04 1339404981.0 9 115
31809416@N04 1339405057.0 9 115
31809416@N04 1339405207.0 9 115
31809416@N04 1339408986.0 9 115
31902638@N06 1243238314.0 10 117
31902638@N06 1243238457.0 10 117
31902638@N06 1243238942.0 10 117
31902638@N06 1243239093.0 10 117
31902638@N06 1243239693.0 10 117
31902638@N06 1243315451.0 21 118
31902638@N06 1243316010.0 21 118
31902638@N06 1243316800.0 21 118
31902638@N06 1243317389.0 21 118
31902638@N06 1243317724.0 21 118
32005048@N06 451965725.0 7 119
32005048@N06 451966126.0 7 119
32005048@N06 451966152.0 7 119
32674583@N00 1364601753.0 18 120
32674583@N00 1364601916.0 18 120
32674583@N00 1364602859.0 18 120
32674583@N00 1364605507.0 9 120
32674583@N00 1364608355.0 9 120
33241056@N00 1236649848.0 7 122
33241056@N00 1236649931.0 7 122
33241056@N00 1236650492.0 7 122
33241056@N00 1236654961.0 18 122
33241056@N00 1236655467.0 18 122
33241056@N00 1236655494.0 18 122
33241056@N00 1236655547.0 18 122
33241056@N00 1236656722.0 18 122
33241056@N00 1236656935.0 18 122
33834913@N00 1249475939.0 18 125
33834913@N00 1249476027.0 18 125
33834913@N00 1249525342.0 18 126
33834913@N00 1249525774.0 18 126
34117589@N00 1184226043.0 18 130
34117589@N00 1184226172.0 18 130
34117589@N00 1184226242.0 18 130
34117589@N00 1184227389.0 18 130
34117589@N00 1184227569.0 18 130
34117589@N00 1184227628.0 18 130
34427465501@N01 1198656781.0 7 131
34427465501@N01 1198656805.0 7 131
34427465501@N01 1198656888.0 7 131
34427465501@N01 1198658167.0 7 131
34951407@N03 1302317214.0 23 132
34951407@N03 1302317970.0 23 132
34951407@N03 1302318020.0 23 132
34951407@N03 1302318220.0 23 132
34951407@N03 1302318269.0 23 132
34951407@N03 1302318358.0 23 132
34951407@N03 1302318623.0 23 132
34951407@N03 1302318635.0 23 132
34951407@N03 1302318635.0 23 132
34951407@N03 1302318674.0 23 132
34951407@N03 1302318747.0 23 132
34951407@N03 1302319195.0 23 132
34951407@N03 1302319391.0 23 132
34951407@N03 1321170383.0 12 133
34951407@N03 1321170598.0 12 133
34951407@N03 1321170817.0 12 133
34951407@N03 1321170940.0 12 133
34951407@N03 1321171751.0 12 133
34951407@N03 1321172637.0 12 133
35468149066@N01 1313272234.0 5 134
35468149066@N01 1313272479.0 5 134
35468149066@N01 1313272765.0 5 134
35468149066@N01 1313273062.0 5 134
35468149066@N01 1313273161.0 5 134
35468149066@N01 1313277462.0 10 134
35468149066@N01 1313277695.0 10 134
35468149066@N01 1313278719.0 10 134
35468149066@N01 1313278928.0 10 134
35468149066@N01 1313278928.0 10 134
35468149066@N01 1313280051.0 10 134
35468149066@N01 1313889318.0 9 135
35468149066@N01 1313889503.0 9 135
35468149066@N01 1313892073.0 7 135
35468149066@N01 1313892094.0 7 135
35468149066@N01 1313892539.0 7 135
35468149066@N01 1313892769.0 7 135
35468149066@N01 1313893342.0 7 135
35468149066@N01 1313893918.0 7 135
35468149066@N01 1313896498.0 18 135
35468149066@N01 1313896831.0 18 135
35468149066@N01 1313896977.0 18 135
35468149066@N01 1313897145.0 18 135
35468149066@N01 1313897159.0 18 135
35468149066@N01 1313901755.0 12 135
35468149066@N01 1313901938.0 12 135
35468149066@N01 1313901958.0 12 135
35468149066@N01 1313902213.0 11 135
35468149066@N01 1313902338.0 11 135
35468149066@N01 1313902615.0 11 135
35468149066@N01 1313902717.0 11 135
35468149066@N01 1313902985.0 11 135
35468149066@N01 1313903038.0 11 135
35468149066@N01 1313903308.0 11 135
35468149066@N01 1313903509.0 11 135
35468149066@N01 1313903829.0 11 135
36319742@N05 1225552758.0 18 137
36319742@N05 1225552778.0 18 137
36319742@N05 1225552928.0 18 137
36319742@N05 1225552968.0 18 137
36319742@N05 1225552993.0 18 137
36319742@N05 1225553012.0 18 137
36319742@N05 1225553109.0 18 137
36319742@N05 1288446802.0 18 138
36319742@N05 1288446963.0 18 138
36319742@N05 1288447021.0 18 138
36319742@N05 1288447087.0 18 138
36319742@N05 1288447174.0 18 138
36319742@N05 1288447199.0 18 138
36319742@N05 1288447212.0 18 138
36319742@N05 1288447338.0 18 138
36319742@N05 1288447424.0 18 138
36476418@N00 1166949499.0 23 139
36476418@N00 1166949527.0 23 139
36476418@N00 1166950315.0 23 139
36476418@N00 1166951814.0 23 139
36476418@N00 1166952387.0 23 139
36476418@N00 1167005881.0 23 140
36476418@N00 1167005904.0 23 140
36476418@N00 1167005975.0 23 140
36476418@N00 1167006007.0 23 140
36476418@N00 1167006203.0 23 140
36476418@N00 1167006324.0 23 140
36476418@N00 1167008395.0 23 140
36859875@N00 1362897529.0 1 142
36859875@N00 1362897536.0 1 142
36859875@N00 1362897539.0 1 142
36859875@N00 1362897551.0 1 142
36859875@N00 1362897605.0 1 142
36859875@N00 1362897771.0 1 142
36859875@N00 1362897778.0 1 142
36859875@N00 1362897784.0 1 142
36859875@N00 1362897976.0 1 142
36859875@N00 1362897980.0 1 142
36859875@N00 1362898271.0 1 142
36859875@N00 1362898945.0 1 142
36859875@N00 1362899155.0 1 142
36859875@N00 1362964457.0 5 143
36859875@N00 1362964466.0 5 143
36859875@N00 1362964491.0 5 143
36859875@N00 1362964518.0 5 143
36859875@N00 1362964610.0 5 143
36859875@N00 1362964617.0 5 143
36859875@N00 1362964659.0 5 143
36859875@N00 1362964666.0 5 143
36859875@N00 1362964704.0 5 143
36859875@N00 1362964865.0 5 143
36859875@N00 1362964896.0 5 143
36859875@N00 1362964903.0 5 143
36859875@N00 1362964911.0 5 143
36859875@N00 1362964919.0 5 143
36859875@N00 1362964929.0 5 143
36859875@N00 1362964933.0 5 143
36859875@N00 1362964937.0 5 143
36859875@N00 1362964946.0 5 143
36859875@N00 1362964947.0 5 143
36859875@N00 1362964950.0 5 143
36859875@N00 1362964960.0 5 143
36859875@N00 1362967884.0 1 143
36859875@N00 1362967892.0 1 143
36859875@N00 1362967899.0 1 143
36859875@N00 1362967967.0 1 143
36859875@N00 1362967972.0 1 143
36859875@N00 1362967979.0 1 143
36859875@N00 1362967985.0 1 143
36859875@N00 1362968097.0 1 143
36859875@N00 1362968099.0 1 143
36859875@N00 1362968190.0 1 143
36859875@N00 1362968202.0 1 143
36859875@N00 1362968224.0 1 143
36859875@N00 1362968247.0 1 143
36859875@N00 1362968254.0 1 143
36859875@N00 1362968296.0 1 143
36859875@N00 1362968303.0 1 143
36859875@N00 1362968315.0 1 143
36859875@N00 1362968336.0 1 143
36859875@N00 1362968342.0 1 143
36859875@N00 1362968344.0 1 143
36859875@N00 1362968682.0 1 143
36859875@N00 1362968687.0 1 143
36859875@N00 1362968806.0 1 143
36859875@N00 1362968809.0 1 143
36859875@N00 1362968896.0 1 143
36859875@N00 1362968994.0 1 143
36859875@N00 1362969031.0 1 143
36859875@N00 1362969043.0 1 143
36859875@N00 1362969086.0 1 143
36859875@N00 1362969095.0 1 143
36859875@N00 1362969105.0 1 143
36859875@N00 1362970470.0 1 143
36859875@N00 1367314496.0 5 145
36859875@N00 1367314503.0 5 145
36987359@N08 1299216560.0 1 146
36987359@N08 1299219658.0 19 146
36987359@N08 1299220286.0 19 146
37850683@N04 1299878008.0 11 147
37850683@N04 1299878043.0 11 147
37850683@N04 1299878122.0 11 147
37850683@N04 1299878148.0 11 147
37850683@N04 1299878291.0 11 147
37850683@N04 1299878334.0 11 147
37850683@N04 1299878351.0 11 147
37850683@N04 1299878378.0 11 147
37850683@N04 1299878397.0 11 147
37850683@N04 1299878427.0 11 147
37850683@N04 1299878442.0 11 147
37850683@N04 1299878469.0 11 147
37850683@N04 1299878481.0 11 147
37850683@N04 1299878497.0 11 147
37850683@N04 1299878507.0 11 147
37850683@N04 1299878555.0 11 147
37850683@N04 1299878667.0 11 147
37850683@N04 1299878683.0 11 147
37850683@N04 1299878708.0 11 147
37850683@N04 1299878751.0 11 147
37850683@N04 1299878768.0 11 147
37850683@N04 1299878825.0 11 147
37850683@N04 1299878900.0 11 147
37850683@N04 1299878935.0 11 147
37850683@N04 1299878951.0 11 147
37850683@N04 1299879006.0 11 147
37850683@N04 1299879045.0 11 147
37850683@N04 1299879100.0 11 147
37850683@N04 1299879133.0 11 147
37850683@N04 1299879149.0 11 147
37850683@N04 1299879397.0 11 147
37850683@N04 1323038544.0 21 148
37850683@N04 1323038587.0 21 148
37850683@N04 1323038941.0 21 148
37850683@N04 1323038944.0 21 148
37850683@N04 1323039037.0 21 148
37850683@N04 1323039044.0 21 148
37850683@N04 1323039414.0 21 148
37850683@N04 1323039424.0 21 148
37850683@N04 1323039469.0 21 148
37850683@N04 1323039475.0 21 148
37850683@N04 1323041463.0 21 148
37850683@N04 1323041502.0 21 148
37850683@N04 1323041519.0 21 148
37850683@N04 1323041528.0 21 148
37850683@N04 1323041551.0 21 148
37850683@N04 1323041578.0 21 148
37850683@N04 1323042124.0 21 148
37850683@N04 1323042142.0 21 148
37850683@N04 1323042466.0 21 148
37850683@N04 1323042481.0 21 148
37850683@N04 1323042489.0 21 148
37850683@N04 1323042517.0 21 148
37850683@N04 1323042544.0 21 148
38495807@N04 1299133977.0 9 151
38495807@N04 1299134236.0 9 151
38495807@N04 1321406215.0 9 152
38495807@N04 1321410748.0 9 152
38495807@N04 1321410819.0 9 152
38495807@N04 1321411148.0 9 152
38495807@N04 1321411403.0 9 152
38495807@N04 1321411828.0 9 152
38495807@N04 1321411875.0 9 152
38495807@N04 1321412232.0 9 152
38495807@N04 1321412372.0 9 152
38495807@N04 1321412459.0 9 152
38495807@N04 1321412519.0 9 152
38495807@N04 1321417919.0 9 152
38495807@N04 1321417978.0 9 152
38495807@N04 1321418647.0 9 152
38495807@N04 1321419097.0 9 152
38495807@N04 1321419102.0 9 152
38495807@N04 1321420009.0 9 152
38495807@N04 1321420083.0 9 152
38495807@N04 1321420143.0 9 152
38495807@N04 1321420187.0 9 152
38495807@N04 1321420313.0 9 152
38495807@N04 1321420568.0 9 152
38495807@N04 1335922377.0 9 153
38495807@N04 1335929787.0 9 153
38495807@N04 1335932727.0 9 153
38495807@N04 1335932786.0 9 153
38495807@N04 1335934591.0 9 153
38495807@N04 1336192396.0 9 154
38495807@N04 1336192564.0 9 154
38495807@N04 1336192597.0 9 154
38495807@N04 1336192705.0 9 154
38495807@N04 1336192878.0 9 154
38495807@N04 1336192923.0 9 154
38495807@N04 1336192972.0 9 154
38495807@N04 1336193137.0 9 154
38495807@N04 1336196345.0 9 154
38495807@N04 1336196612.0 9 154
39008229@N00 1350011290.0 9 157
39008229@N00 1350011295.0 9 157
39008229@N00 1350013840.0 9 157
39008229@N00 1350018366.0 9 157
39213037@N03 1340515175.0 7 158
39213037@N03 1340523918.0 12 158
39213037@N03 1340524920.0 11 158
39213037@N03 1340525177.0 11 158
39213037@N03 1340525323.0 11 158
39213037@N03 1340525991.0 11 158
39276850@N00 1321930887.0 7 159
39276850@N00 1321931090.0 7 159
39276850@N00 1321937256.0 18 159
39276850@N00 1321937256.0 18 159
39276850@N00 1321937569.0 18 159
39276850@N00 1321938007.0 18 159
39276850@N00 1321938171.0 18 159
39276850@N00 1321938219.0 18 159
39276850@N00 1321939538.0 25 159
39489503@N00 1189211913.0 23 160
39489503@N00 1189212057.0 23 160
39489503@N00 1189212067.0 23 160
39489503@N00 1189212109.0 23 160
39489503@N00 1189212121.0 23 160
39489503@N00 1189212300.0 23 160
39489503@N00 1189212335.0 23 160
39489503@N00 1189212409.0 23 160
39489503@N00 1189212425.0 23 160
39489503@N00 1189212754.0 23 160
39489503@N00 1189212999.0 23 160
39489503@N00 1189213038.0 23 160
39489503@N00 1189213360.0 23 160
39489503@N00 1189213611.0 23 160
39489503@N00 1189213755.0 23 160
39489503@N00 1189213926.0 23 160
39489503@N00 1189213960.0 23 160
39489503@N00 1189214094.0 23 160
39489503@N00 1189214246.0 23 160
39489503@N00 1189214334.0 23 160
39489503@N00 1189214405.0 23 160
39489503@N00 1189214449.0 23 160
39489503@N00 1189214636.0 23 160
39489503@N00 1189214672.0 23 160
39489503@N00 1189214741.0 23 160
39489503@N00 1189214793.0 23 160
39489503@N00 1189214944.0 23 160
39489503@N00 1189216123.0 1 160
39489503@N00 1189216141.0 1 160
39489503@N00 1189216172.0 1 160
39489503@N00 1189216200.0 1 160
39489503@N00 1189216227.0 1 160
39489503@N00 1189216275.0 1 160
39489503@N00 1189216322.0 1 160
39489503@N00 1189216339.0 1 160
39489503@N00 1189216381.0 1 160
39489503@N00 1189226058.0 7 160
39489503@N00 1189226101.0 7 160
39489503@N00 1189226178.0 7 160
39489503@N00 1189226267.0 7 160
39489503@N00 1189226324.0 7 160
39489503@N00 1189226392.0 7 160
39489503@N00 1189226405.0 7 160
39489503@N00 1189226490.0 7 160
39489503@N00 1189226556.0 7 160
39489503@N00 1189226654.0 7 160
39489503@N00 1189226755.0 7 160
39489503@N00 1189226764.0 7 160
39489503@N00 1189226818.0 7 160
39489503@N00 1189226833.0 7 160
39489503@N00 1189226842.0 7 160
39489503@N00 1189227282.0 7 160
39489503@N00 1189227314.0 7 160
39489503@N00 1189227401.0 7 160
39721596@N05 1218408683.0 11 165
39721596@N05 1218408742.0 11 165
39721596@N05 1218409085.0 11 165
40843863@N08 1293773096.0 4 175
40843863@N08 1293773575.0 4 175
40843863@N08 1293773845.0 4 175
41066757@N00 1371266482.0 9 176
41066757@N00 1371267195.0 9 176
41109263@N00 1247815863.0 11 177
41109263@N00 1247817499.0 12 177
41109263@N00 1263383019.0 12 178
41109263@N00 1263384037.0 12 178
41109263@N00 1263384045.0 12 178
41109263@N00 1263384084.0 12 178
41413935@N00 1291499144.0 7 180
41413935@N00 1291506529.0 7 180
41894181187@N01 1218234054.0 24 185
41894181187@N01 1218234138.0 24 185
41894181187@N01 1218234849.0 24 185
41894181187@N01 1218235349.0 24 185
41894181187@N01 1218235744.0 24 185
41894181187@N01 1218235861.0 24 185
41894181187@N01 1218235910.0 24 185
41894181187@N01 1218236158.0 24 185
41894181187@N01 1218237092.0 24 185
41894181187@N01 1218237138.0 24 185
41894181187@N01 1218237164.0 24 185
41894181187@N01 1218237202.0 24 185
41894181187@N01 1218237244.0 24 185
41894181187@N01 1218237480.0 24 185
41894181187@N01 1218237626.0 24 185
42874453@N07 1269066452.0 23 189
42874453@N07 1269067181.0 23 189
42874453@N07 1269469359.0 23 190
42874453@N07 1269469360.0 23 190
43334562@N00 1291598977.0 24 192
43334562@N00 1291599377.0 24 192
43334562@N00 1291599570.0 24 192
43334562@N00 1291600560.0 24 192
43334562@N00 1291600714.0 24 192
43334562@N00 1291600958.0 24 192
43334562@N00 1291607998.0 12 192
43334562@N00 1291608083.0 12 192
43334562@N00 1291608093.0 12 192
43334562@N00 1291608108.0 12 192
43334562@N00 1291608149.0 12 192
43334562@N00 1291608191.0 12 192
43334562@N00 1291608232.0 12 192
43334562@N00 1291608632.0 12 192
43334562@N00 1291608690.0 12 192
43334562@N00 1291608840.0 12 192
43334562@N00 1291608980.0 12 192
43334562@N00 1291609196.0 12 192
43334562@N00 1291609960.0 12 192
43334562@N00 1291610133.0 12 192
43334562@N00 1291610237.0 12 192
43334562@N00 1291686609.0 1 193
43334562@N00 1291686767.0 1 193
43334562@N00 1291686785.0 1 193
43334562@N00 1291690020.0 26 193
43334562@N00 1291690362.0 26 193
43334562@N00 1291690478.0 26 193
43334562@N00 1291690591.0 26 193
43334562@N00 1291691146.0 26 193
43334562@N00 1291691173.0 26 193
43564846@N07 1317169757.0 18 194
43564846@N07 1317170103.0 18 194
43742518@N03 1189307865.0 7 195
43742518@N03 1189308028.0 7 195
43742518@N03 1189308593.0 7 195
43742518@N03 1189310677.0 7 195
43742518@N03 1189314005.0 7 195
43742518@N03 1189315486.0 18 195
43742518@N03 1189317968.0 1 195
44580780@N05 1205015307.0 18 198
44580780@N05 1205015561.0 18 198
44580780@N05 1205015926.0 18 198
44580780@N05 1205015938.0 18 198
44944819@N00 1346348279.0 1 200
44944819@N00 1346348292.0 1 200
44944819@N00 1346348296.0 1 200
45493649@N00 1330207645.0 18 201
45493649@N00 1330208421.0 18 201
45493649@N00 1330208733.0 18 201
45493649@N00 1330219023.0 3 201
45533050@N00 1150578674.0 11 203
45533050@N00 1150578850.0 11 203
45533050@N00 1150590585.0 11 203
45697441@N00 1386469176.0 12 204
45697441@N00 1386485911.0 12 204
46273880@N00 1392248355.0 1 206
46273880@N00 1392248440.0 1 206
46273880@N00 1392248576.0 1 206
46273880@N00 1392248649.0 1 206
46273880@N00 1392248775.0 1 206
46273880@N00 1392248796.0 1 206
46273880@N00 1392248807.0 1 206
46273880@N00 1392248823.0 1 206
46273880@N00 1392248944.0 1 206
46293521@N04 1289941748.0 16 207
46293521@N04 1289941895.0 16 207
46293521@N04 1290005879.0 11 208
46293521@N04 1290005964.0 11 208
46293521@N04 1290006222.0 11 208
46293521@N04 1290006235.0 11 208
46293521@N04 1290006270.0 11 208
46293521@N04 1290006399.0 11 208
46293521@N04 1290006618.0 11 208
46293521@N04 1290006819.0 11 208
46293521@N04 1290008057.0 11 208
46293521@N04 1290008534.0 11 208
46293521@N04 1290010811.0 19 208
46293521@N04 1290010906.0 19 208
46293521@N04 1290011085.0 19 208
46293521@N04 1290011297.0 19 208
46293521@N04 1290011300.0 19 208
46293521@N04 1290011303.0 19 208
46605871@N04 1263536029.0 10 209
46605871@N04 1263537699.0 10 209
46605871@N04 1264051482.0 10 210
46605871@N04 1264052215.0 10 210
46761272@N03 1318228519.0 18 211
46761272@N03 1318228638.0 18 211
46761272@N03 1318229568.0 18 211
46783079@N00 1331429356.0 19 213
46783079@N00 1331429690.0 19 213
46783079@N00 1331429733.0 19 213
46783079@N00 1331430679.0 19 213
46783079@N00 1331430801.0 19 213
46783079@N00 1331430887.0 19 213
46783079@N00 1331431423.0 19 213
46783079@N00 1331431445.0 19 213
46783079@N00 1331432343.0 19 213
46783079@N00 1331432352.0 19 213
46783079@N00 1332552528.0 18 214
46783079@N00 1332552715.0 18 214
46783079@N00 1332552851.0 18 214
46783079@N00 1332552959.0 18 214
46783079@N00 1332554465.0 25 214
46783079@N00 1332554487.0 25 214
46783079@N00 1332554554.0 25 214
46783079@N00 1332554715.0 25 214
46783079@N00 1332554829.0 25 214
46783079@N00 1332554917.0 25 214
46783079@N00 1332568897.0 7 214
46783079@N00 1332571035.0 7 214
46783079@N00 1332572711.0 7 214
46783079@N00 1332573854.0 9 214
47596646@N00 1393405711.0 18 216
47596646@N00 1393416202.0 18 216
47596646@N00 1393418935.0 18 216
47596646@N00 1393422953.0 9 216
48182578@N00 1368748066.0 18 217
48182578@N00 1368748558.0 18 217
48889099483@N01 1322231115.0 4 219
48889099483@N01 1322237169.0 23 219
48889099483@N01 1322237478.0 23 219
48889099483@N01 1322237486.0 23 219
48889099483@N01 1322237538.0 23 219
48889099483@N01 1322237607.0 23 219
48889099483@N01 1322237743.0 23 219
48889099483@N01 1322237797.0 23 219
48889099483@N01 1322237846.0 23 219
48889099483@N01 1322237860.0 23 219
48889099483@N01 1322237881.0 23 219
48889099483@N01 1322237937.0 23 219
48889099483@N01 1322237943.0 23 219
48889099483@N01 1322237958.0 23 219
48889099483@N01 1322237970.0 23 219
48889099483@N01 1322238129.0 23 219
48889099483@N01 1322238204.0 23 219
48889099483@N01 1322238224.0 23 219
48889099483@N01 1322238272.0 23 219
48889099483@N01 1322238304.0 23 219
48889099483@N01 1322238616.0 23 219
48889099483@N01 1322244410.0 16 219
48889099483@N01 1322244629.0 16 219
48889099483@N01 1322244711.0 16 219
48889099483@N01 1322244724.0 16 219
48889099483@N01 1322244779.0 16 219
48889099483@N01 1322315807.0 7 220
48889099483@N01 1322315934.0 7 220
48889099483@N01 1322315976.0 7 220
48889099483@N01 1322315989.0 7 220
48889099483@N01 1322316056.0 7 220
48889099483@N01 1322316134.0 7 220
48889099483@N01 1322316169.0 7 220
48889099483@N01 1322316178.0 7 220
48889099483@N01 1322316399.0 7 220
48889099483@N01 1322316501.0 7 220
48889099483@N01 1322316578.0 7 220
48889099483@N01 1322317805.0 7 220
48889099483@N01 1322404448.0 6 221
48889099483@N01 1322404490.0 6 221
48889099483@N01 1322404685.0 6 221
48889099483@N01 1322404778.0 6 221
48889099483@N01 1322405285.0 6 221
48889099483@N01 1322409723.0 26 221
48889099483@N01 1322410535.0 26 221
48889099483@N01 1322410683.0 26 221
48889099483@N01 1322410871.0 26 221
48889099483@N01 1322417214.0 5 221
48889099483@N01 1322417283.0 5 221
48889099483@N01 1322417317.0 5 221
48889099483@N01 1322417358.0 5 221
48889099483@N01 1322417689.0 5 221
48889099483@N01 1322417782.0 5 221
48889099483@N01 1322417844.0 5 221
48889099483@N01 1322418222.0 5 221
48889099483@N01 1322418723.0 5 221
48889099483@N01 1322420618.0 5 221
48889099483@N01 1322422514.0 10 221
48889099483@N01 1322422737.0 10 221
48889099483@N01 1322422964.0 10 221
48889099483@N01 1322422976.0 10 221
48889099483@N01 1322423345.0 10 221
48889099483@N01 1322571762.0 12 222
48889099483@N01 1322571933.0 12 222
48889099483@N01 1322572257.0 12 222
48889099483@N01 1322572324.0 11 222
48889099483@N01 1322572337.0 11 222
48889099483@N01 1322572396.0 11 222
48889099483@N01 1322572420.0 11 222
48889099483@N01 1322572701.0 11 222
48889099483@N01 1322572902.0 11 222
48889099483@N01 1322572912.0 11 222
48889099483@N01 1322573641.0 11 222
48889099483@N01 1322573654.0 11 222
48889099483@N01 1322573657.0 11 222
48889099483@N01 1322573660.0 11 222
48889099483@N01 1322573666.0 11 222
48889099483@N01 1322592600.0 18 222
48889099483@N01 1322595463.0 18 222
49253583@N02 1355778694.0 9 224
49253583@N02 1355778723.0 9 224
49253583@N02 1355802408.0 1 224
49253583@N02 1355802446.0 1 224
49502979506@N01 1227551023.0 5 226
49502979506@N01 1227551101.0 5 226
49502979506@N01 1227551331.0 5 226
49502979506@N01 1227551361.0 5 226
49502979506@N01 1227551497.0 5 226
49502979506@N01 1227551617.0 5 226
49502979506@N01 1227551787.0 5 226
49502979506@N01 1227551905.0 5 226
49502979506@N01 1227552486.0 5 226
49502979506@N01 1227552699.0 5 226
49686136@N07 1252804514.0 1 228
49686136@N07 1252805063.0 1 228
49694447@N00 1358556276.0 5 229
49694447@N00 1358561098.0 5 229
50108192@N00 1271105071.0 1 231
50108192@N00 1271105099.0 1 231
50108192@N00 1271105142.0 1 231
50108192@N00 1271105965.0 1 231
50108192@N00 1271105997.0 1 231
50108192@N00 1271106118.0 1 231
50108192@N00 1271106194.0 1 231
50108192@N00 1271114052.0 12 231
50108192@N00 1271114189.0 12 231
50108192@N00 1271114391.0 11 231
50108192@N00 1271114423.0 11 231
50108192@N00 1271114459.0 11 231
50108192@N00 1271114476.0 11 231
50108192@N00 1271114490.0 11 231
50108192@N00 1271114512.0 11 231
50108192@N00 1271114677.0 11 231
50108192@N00 1271114698.0 11 231
50108192@N00 1271114742.0 11 231
50108192@N00 1271114808.0 11 231
50918700@N00 1171470438.0 11 233
50918700@N00 1171471008.0 11 233
51336391@N00 1381281910.0 9 237
51336391@N00 1381282726.0 9 237
51336391@N00 1381283278.0 9 237
51336391@N00 1381283290.0 9 237
51336391@N00 1381283908.0 9 237
51336391@N00 1381284305.0 9 237
51336391@N00 1381286555.0 9 237
51336391@N00 1381286580.0 9 237
51336391@N00 1381286691.0 9 237
51336391@N00 1381286787.0 9 237
51336391@N00 1381286826.0 9 237
51336391@N00 1381286856.0 9 237
51336391@N00 1381287989.0 18 237
51336391@N00 1381288011.0 18 237
51336391@N00 1381288088.0 18 237
51336391@N00 1381288096.0 18 237
51668926@N00 951098400.0 7 240
51668926@N00 951098400.0 18 240
51668926@N00 951098400.0 18 240
51668926@N00 951098401.0 18 240
51668926@N00 951099911.0 18 240
51668926@N00 951100905.0 18 240
51668926@N00 951101126.0 18 240
51668926@N00 951110624.0 18 240
51737869@N00 1330370200.0 18 241
51737869@N00 1330370264.0 18 241
51737869@N00 1330373088.0 9 241
51737869@N00 1330373547.0 9 241
51737869@N00 1330374014.0 9 241
51737869@N00 1330374074.0 9 241
51737869@N00 1330374546.0 9 241
51737869@N00 1330375103.0 9 241
53197929@N00 1224137661.0 9 242
53197929@N00 1224137714.0 9 242
53197929@N00 1224137828.0 9 242
53197929@N00 1224137882.0 9 242
53197929@N00 1224137940.0 9 242
53197929@N00 1224138021.0 9 242
53197929@N00 1224138072.0 9 242
53197929@N00 1224138256.0 9 242
53197929@N00 1224138612.0 9 242
53197929@N00 1229210185.0 19 243
53197929@N00 1229210197.0 19 243
53197929@N00 1229210200.0 19 243
53493424@N00 1184283850.0 23 245
53493424@N00 1184283984.0 23 245
53493424@N00 1184284044.0 23 245
53493424@N00 1184284195.0 23 245
53493424@N00 1184284248.0 23 245
53493424@N00 1184284285.0 23 245
53493424@N00 1184284314.0 23 245
53493424@N00 1184284372.0 23 245
53493424@N00 1184284407.0 23 245
53493424@N00 1184284427.0 23 245
53493424@N00 1184284457.0 23 245
53493424@N00 1184284478.0 23 245
53493424@N00 1184284534.0 23 245
53493424@N00 1184284550.0 23 245
53493424@N00 1184284627.0 23 245
53493424@N00 1184285171.0 16 245
53493424@N00 1184285409.0 16 245
53493424@N00 1184285420.0 16 245
53493424@N00 1184286173.0 16 245
53493424@N00 1184286191.0 16 245
53493424@N00 1184287044.0 21 245
53493424@N00 1184287050.0 21 245
53493424@N00 1184287827.0 21 245
53493424@N00 1184287854.0 21 245
53493424@N00 1184287901.0 21 245
53493424@N00 1184288405.0 21 245
53493424@N00 1184289534.0 21 245
53493424@N00 1184289647.0 21 245
53493424@N00 1184289901.0 21 245
53493424@N00 1184290124.0 21 245
53493424@N00 1184290757.0 21 245
53493424@N00 1184291217.0 21 245
53493424@N00 1184291268.0 21 245
53493424@N00 1184291541.0 21 245
53493424@N00 1184291862.0 21 245
53493424@N00 1184292614.0 21 245
53493424@N00 1184293768.0 21 245
53493424@N00 1184294431.0 21 245
53493424@N00 1184294487.0 21 245
53493424@N00 1184294546.0 21 245
53493424@N00 1184296117.0 21 245
53493424@N00 1184296169.0 21 245
53493424@N00 1184296357.0 21 245
53493424@N00 1184296417.0 21 245
53493424@N00 1184296451.0 21 245
53493424@N00 1184296616.0 21 245
53493424@N00 1184296678.0 21 245
53493424@N00 1184399362.0 19 246
53493424@N00 1184399738.0 19 246
53493424@N00 1184399762.0 19 246
53493424@N00 1184399819.0 19 246
53493424@N00 1184399850.0 19 246
53493424@N00 1184399893.0 19 246
53493424@N00 1184400113.0 19 246
53493424@N00 1184400162.0 19 246
53493424@N00 1184400203.0 19 246
53493424@N00 1184400375.0 19 246
53493424@N00 1184400418.0 19 246
53493424@N00 1184400461.0 19 246
53493424@N00 1184400506.0 19 246
53493424@N00 1184400569.0 19 246
53493424@N00 1184400695.0 19 246
53493424@N00 1184400862.0 19 246
53493424@N00 1184401032.0 19 246
53493424@N00 1184401148.0 19 246
53493424@N00 1184401172.0 19 246
53493424@N00 1184401196.0 19 246
53493424@N00 1184401250.0 19 246
53493424@N00 1184401345.0 19 246
53493424@N00 1184401395.0 19 246
53493424@N00 1186836785.0 19 247
53493424@N00 1186836976.0 19 247
53493424@N00 1198501200.0 19 248
53493424@N00 1198501201.0 19 248
53493424@N00 1198501202.0 19 248
53493424@N00 1198501203.0 19 248
53493424@N00 1198501204.0 19 248
53493424@N00 1198501205.0 19 248
53493424@N00 1198501206.0 19 248
53493424@N00 1198501207.0 19 248
53493424@N00 1198501208.0 19 248
53493424@N00 1198501209.0 19 248
53493424@N00 1198501210.0 19 248
53493424@N00 1198501211.0 19 248
53493424@N00 1277676688.0 19 249
53493424@N00 1277676742.0 19 249
53493424@N00 1277676793.0 19 249
53493424@N00 1277676814.0 19 249
53493424@N00 1277677012.0 19 249
53493424@N00 1277677065.0 19 249
53493424@N00 1277677120.0 19 249
53493424@N00 1277677130.0 19 249
53493424@N00 1277677169.0 19 249
53493424@N00 1277677217.0 19 249
53493424@N00 1277677249.0 19 249
53493424@N00 1277677294.0 19 249
53620105@N06 1311095952.0 18 250
53620105@N06 1311108536.0 18 250
54187340@N04 1364360170.0 5 256
54187340@N04 1364360598.0 5 256
55228353@N00 1290814236.0 16 257
55228353@N00 1290814794.0 16 257
55228353@N00 1290815005.0 16 257
55228353@N00 1290815276.0 16 257
55228353@N00 1290815469.0 16 257
55228353@N00 1290815494.0 16 257
55228353@N00 1290815661.0 16 257
55228353@N00 1290815751.0 16 257
55228353@N00 1290815790.0 16 257
55228353@N00 1290815828.0 16 257
55228353@N00 1290815850.0 16 257
55228353@N00 1290815951.0 16 257
55228353@N00 1290823768.0 19 257
55228353@N00 1290825426.0 19 257
56716140@N00 1354165116.0 23 259
56716140@N00 1354165681.0 23 259
56716140@N00 1354165683.0 23 259
56716140@N00 1354165721.0 23 259
56716140@N00 1354165795.0 23 259
56716140@N00 1354165834.0 23 259
57355789@N07 1394252929.0 21 263
57355789@N07 1394255710.0 1 263
57355789@N07 1394255911.0 1 263
57519914@N00 1294774615.0 22 267
57519914@N00 1294775851.0 22 267
57519914@N00 1294777477.0 22 267
57519914@N00 1294777800.0 22 267
57519914@N00 1294777832.0 22 267
57519914@N00 1294780666.0 22 267
57519914@N00 1294795486.0 18 267
57519914@N00 1294795517.0 18 267
57519914@N00 1294795531.0 18 267
57519914@N00 1294795592.0 18 267
57974319@N00 1291603023.0 9 268
57974319@N00 1291603053.0 9 268
57974319@N00 1291603287.0 9 268
57974319@N00 1291608517.0 18 268
57974319@N00 1291608718.0 18 268
57974319@N00 1291608733.0 18 268
57974319@N00 1291608842.0 18 268
57974319@N00 1291608856.0 18 268
57974319@N00 1291608868.0 18 268
57974319@N00 1291608895.0 18 268
57974319@N00 1291608947.0 18 268
57974319@N00 1291608970.0 18 268
57974319@N00 1291608975.0 18 268
57974319@N00 1291609021.0 18 268
57974319@N00 1291609023.0 18 268
57974319@N00 1291609046.0 18 268
57974319@N00 1291609176.0 18 268
57974319@N00 1291609203.0 18 268
57974319@N00 1291609255.0 18 268
57974319@N00 1291609284.0 18 268
57974319@N00 1291609295.0 18 268
57974319@N00 1291609313.0 18 268
57974319@N00 1291609384.0 18 268
57974319@N00 1291609430.0 18 268
57974319@N00 1291609461.0 18 268
57974319@N00 1291609507.0 18 268
57974319@N00 1291609553.0 18 268
57974319@N00 1291609629.0 18 268
57974319@N00 1291609703.0 18 268
57974319@N00 1291609715.0 18 268
57974319@N00 1291609918.0 18 268
57974319@N00 1291609944.0 18 268
57974319@N00 1291610056.0 18 268
57974319@N00 1291680362.0 7 269
57974319@N00 1291680409.0 7 269
57974319@N00 1291680439.0 7 269
57974319@N00 1291680449.0 7 269
57974319@N00 1291680456.0 7 269
57974319@N00 1291680516.0 7 269
57974319@N00 1291680519.0 7 269
57974319@N00 1291680528.0 7 269
57974319@N00 1291680618.0 7 269
57974319@N00 1291680621.0 7 269
57974319@N00 1291680641.0 7 269
57974319@N00 1291680662.0 7 269
57974319@N00 1291680671.0 7 269
57974319@N00 1291680682.0 7 269
57974319@N00 1291680720.0 7 269
57974319@N00 1291680783.0 7 269
57974319@N00 1291680801.0 7 269
57974319@N00 1291680847.0 7 269
57974319@N00 1291680855.0 7 269
57974319@N00 1291680898.0 7 269
57974319@N00 1291680928.0 7 269
57974319@N00 1291680932.0 7 269
57974319@N00 1291680948.0 7 269
57974319@N00 1291680955.0 7 269
57974319@N00 1291681088.0 7 269
57974319@N00 1291681207.0 7 269
57974319@N00 1291681781.0 7 269
57974319@N00 1291681784.0 7 269
57974319@N00 1291681838.0 7 269
57974319@N00 1291681908.0 7 269
57974319@N00 1291681911.0 7 269
57974319@N00 1291681922.0 7 269
57974319@N00 1291681953.0 7 269
57974319@N00 1291681967.0 7 269
57974319@N00 1291681992.0 7 269
57974319@N00 1291682072.0 7 269
57974319@N00 1291682084.0 7 269
57974319@N00 1291682240.0 7 269
57974319@N00 1291682262.0 7 269
57974319@N00 1291682283.0 7 269
57974319@N00 1291682313.0 7 269
57974319@N00 1291682598.0 7 269
57974319@N00 1291683026.0 7 269
57974319@N00 1291690533.0 1 269
57974319@N00 1291690606.0 1 269
57974319@N00 1291690718.0 1 269
57974319@N00 1291690741.0 1 269
57974319@N00 1291690799.0 1 269
57974319@N00 1291690885.0 1 269
57974319@N00 1291690895.0 1 269
57974319@N00 1291691037.0 1 269
57974319@N00 1291691092.0 1 269
57974319@N00 1291691107.0 1 269
57974319@N00 1291691109.0 1 269
57974319@N00 1291691119.0 1 269
57974319@N00 1291691159.0 1 269
57974319@N00 1291691174.0 1 269
57974319@N00 1291691232.0 1 269
57974319@N00 1291695154.0 19 269
57974319@N00 1291695834.0 19 269
57974319@N00 1291696061.0 19 269
57974319@N00 1291696784.0 19 269
57974319@N00 1291696796.0 19 269
57974319@N00 1291696832.0 19 269
57974319@N00 1291696847.0 19 269
57974319@N00 1291696851.0 19 269
57974319@N00 1291696853.0 19 269
57974319@N00 1291696856.0 19 269
57974319@N00 1291696890.0 19 269
57974319@N00 1291696913.0 19 269
58196392@N00 1296000486.0 5 273
58196392@N00 1296000587.0 5 273
58196392@N00 1296001466.0 5 273
58196392@N00 1296002598.0 5 273
58196392@N00 1296004636.0 10 273
58196392@N00 1296004686.0 10 273
58196392@N00 1296004754.0 10 273
58196392@N00 1296005078.0 10 273
58196392@N00 1315478520.0 24 275
58196392@N00 1315479243.0 24 275
58196392@N00 1315480672.0 24 275
58196392@N00 1315481259.0 24 275
58196392@N00 1322823617.0 6 276
58196392@N00 1322824086.0 6 276
58419684@N00 1271826851.0 23 278
58419684@N00 1271826893.0 23 278
58419684@N00 1271827001.0 23 278
58419684@N00 1271827136.0 23 278
58419684@N00 1280716066.0 23 279
58419684@N00 1280716124.0 23 279
58419684@N00 1280716770.0 23 279
58419684@N00 1280716782.0 23 279
58419684@N00 1280716862.0 23 279
58419684@N00 1280722308.0 23 279
58589111@N04 1300404787.0 18 282
58589111@N04 1300405435.0 18 282
58589111@N04 1300405519.0 18 282
58589111@N04 1300405849.0 18 282
58589111@N04 1300406886.0 18 282
58589111@N04 1300406911.0 18 282
58589111@N04 1300407130.0 18 282
58589111@N04 1300410343.0 7 282
58589111@N04 1300411686.0 7 282
59151633@N00 1321204699.0 9 286
59151633@N00 1321204772.0 9 286
59151633@N00 1321204777.0 9 286
59151633@N00 1321204996.0 9 286
59151633@N00 1321205018.0 9 286
59151633@N00 1321205547.0 9 286
59151633@N00 1321205555.0 9 286
59151633@N00 1321205576.0 9 286
59151633@N00 1321205595.0 9 286
59151633@N00 1321205597.0 9 286
59151633@N00 1321205664.0 9 286
59151633@N00 1321205681.0 9 286
59151633@N00 1321205716.0 9 286
59151633@N00 1321205777.0 9 286
59151633@N00 1321205804.0 9 286
59151633@N00 1321205832.0 9 286
59151633@N00 1321206088.0 9 286
59151633@N00 1321206094.0 9 286
59151633@N00 1321206119.0 9 286
59151633@N00 1321206193.0 9 286
59151633@N00 1321206208.0 9 286
59151633@N00 1321206234.0 9 286
59151633@N00 1321206262.0 9 286
59151633@N00 1321206272.0 9 286
59151633@N00 1321206312.0 9 286
59151633@N00 1321206319.0 9 286
59151633@N00 1321206342.0 9 286
59151633@N00 1321206356.0 9 286
59151633@N00 1321206361.0 9 286
59151633@N00 1321206389.0 9 286
59151633@N00 1321206401.0 9 286
59151633@N00 1321206455.0 9 286
59151633@N00 1321206470.0 9 286
59151633@N00 1321206479.0 9 286
59151633@N00 1321206489.0 9 286
59151633@N00 1321206504.0 9 286
59151633@N00 1321206514.0 9 286
59151633@N00 1321206529.0 9 286
59151633@N00 1321206551.0 9 286
59151633@N00 1321206561.0 9 286
59151633@N00 1321206569.0 9 286
59151633@N00 1321206583.0 9 286
59151633@N00 1321206615.0 9 286
59151633@N00 1321206629.0 9 286
59151633@N00 1321206652.0 9 286
59151633@N00 1321206658.0 9 286
59151633@N00 1321206672.0 9 286
59151633@N00 1321206683.0 9 286
59151633@N00 1321206706.0 9 286
59151633@N00 1321206715.0 9 286
59151633@N00 1321206726.0 9 286
59151633@N00 1321206734.0 9 286
59151633@N00 1321206802.0 9 286
59151633@N00 1321206821.0 9 286
59151633@N00 1321206835.0 9 286
59151633@N00 1321206866.0 9 286
59151633@N00 1321206878.0 9 286
59151633@N00 1321206898.0 9 286
59151633@N00 1321206923.0 9 286
59151633@N00 1321206949.0 9 286
59151633@N00 1321206991.0 9 286
59151633@N00 1321207010.0 9 286
59151633@N00 1321207018.0 9 286
59151633@N00 1321207031.0 9 286
59151633@N00 1321207046.0 9 286
59151633@N00 1321207077.0 9 286
59151633@N00 1321207104.0 9 286
59151633@N00 1321207122.0 9 286
59151633@N00 1321207132.0 9 286
59151633@N00 1321207156.0 9 286
59151633@N00 1321207219.0 9 286
59151633@N00 1321207223.0 9 286
59151633@N00 1321207229.0 9 286
59151633@N00 1321207237.0 9 286
59151633@N00 1321207598.0 9 286
59151633@N00 1321207599.0 9 286
59151633@N00 1321207873.0 9 286
59151633@N00 1321207875.0 9 286
59151633@N00 1321207957.0 9 286
59151633@N00 1321207967.0 9 286
59151633@N00 1321207974.0 9 286
59151633@N00 1321208074.0 9 286
59151633@N00 1321208084.0 9 286
59151633@N00 1321208086.0 9 286
59151633@N00 1321208173.0 9 286
59151633@N00 1321208176.0 9 286
59151633@N00 1321208250.0 9 286
59151633@N00 1321208298.0 9 286
59151633@N00 1321208303.0 9 286
59151633@N00 1321208309.0 9 286
59151633@N00 1321208337.0 9 286
59151633@N00 1321208343.0 9 286
59151633@N00 1321208359.0 9 286
59151633@N00 1321208362.0 9 286
59151633@N00 1321208438.0 9 286
59151633@N00 1321208470.0 9 286
59151633@N00 1321208486.0 9 286
59151633@N00 1321208502.0 9 286
59151633@N00 1321208505.0 9 286
59151633@N00 1321208537.0 9 286
59151633@N00 1321208540.0 9 286
59151633@N00 1321208550.0 9 286
59151633@N00 1321208573.0 9 286
59151633@N00 1321208592.0 9 286
59151633@N00 1321208632.0 9 286
59151633@N00 1321208647.0 9 286
59151633@N00 1321208672.0 9 286
59151633@N00 1321208702.0 9 286
59151633@N00 1321208727.0 9 286
59151633@N00 1321208745.0 9 286
59151633@N00 1321208781.0 9 286
59151633@N00 1321208805.0 9 286
59151633@N00 1321208826.0 9 286
59151633@N00 1321208847.0 9 286
59151633@N00 1321208902.0 9 286
59151633@N00 1321208927.0 9 286
59151633@N00 1321209486.0 9 286
59151633@N00 1321209490.0 9 286
59151633@N00 1321209499.0 9 286
59151633@N00 1321209531.0 9 286
59151633@N00 1321209556.0 9 286
59151633@N00 1321209567.0 9 286
59151633@N00 1321209624.0 9 286
59151633@N00 1321209643.0 9 286
59151633@N00 1321209654.0 9 286
59151633@N00 1321209663.0 9 286
59151633@N00 1321209667.0 9 286
59151633@N00 1321209694.0 9 286
59151633@N00 1321209700.0 9 286
59151633@N00 1321209711.0 9 286
59151633@N00 1321209817.0 9 286
59151633@N00 1321209826.0 9 286
59151633@N00 1321209837.0 9 286
59151633@N00 1321209838.0 9 286
59151633@N00 1321209961.0 9 286
59151633@N00 1321209969.0 9 286
59151633@N00 1321209976.0 9 286
59151633@N00 1321209991.0 9 286
59151633@N00 1321210001.0 9 286
59151633@N00 1321210015.0 9 286
59151633@N00 1321210061.0 9 286
59151633@N00 1321210071.0 9 286
59151633@N00 1321210079.0 9 286
59318060@N04 1327466997.0 11 288
59318060@N04 1327467386.0 11 288
59318060@N04 1327467697.0 11 288
59318060@N04 1327467708.0 11 288
59318060@N04 1327467831.0 11 288
59318060@N04 1327468246.0 11 288
59318060@N04 1327468285.0 11 288
59318060@N04 1327468343.0 11 288
59318060@N04 1327468354.0 11 288
59318060@N04 1327468475.0 11 288
59318060@N04 1327468579.0 11 288
59318060@N04 1327468608.0 11 288
59318060@N04 1327468628.0 11 288
59318060@N04 1327468981.0 11 288
59318060@N04 1327468985.0 11 288
59318060@N04 1327469036.0 11 288
59318060@N04 1327469105.0 11 288
59367690@N00 1316128934.0 18 289
59367690@N00 1316129262.0 18 289
59367690@N00 1316129292.0 18 289
59367690@N00 1316129305.0 18 289
59367690@N00 1316129771.0 18 289
59367690@N00 1316129785.0 18 289
59367690@N00 1316130164.0 18 289
59367690@N00 1316130319.0 18 289
59367690@N00 1316130370.0 18 289
60444977@N00 1220910389.0 7 290
60444977@N00 1220910933.0 7 290
60444977@N00 1220911982.0 7 290
60444977@N00 1220912030.0 7 290
60444977@N00 1220915149.0 9 290
60444977@N00 1220915295.0 9 290
60444977@N00 1220915695.0 9 290
60444977@N00 1220915992.0 9 290
61009686@N00 1154552533.0 18 292
61009686@N00 1154552965.0 18 292
61009686@N00 1154553755.0 18 292
61009686@N00 1154554249.0 18 292
61009686@N00 1154557872.0 7 292
61009686@N00 1154558380.0 7 292
61009686@N00 1154558414.0 7 292
61009686@N00 1154558614.0 7 292
61009686@N00 1154558783.0 7 292
61009686@N00 1154559076.0 7 292
61009686@N00 1154559249.0 7 292
61009686@N00 1154559382.0 7 292
61009686@N00 1214688791.0 1 293
61009686@N00 1214694031.0 19 293
61747385@N00 1301777557.0 11 296
61747385@N00 1301787727.0 4 296
62451331@N00 1210824558.0 9 298
62451331@N00 1210824807.0 9 298
62451331@N00 1210828883.0 9 298
63709829@N00 1189996925.0 25 300
63709829@N00 1189997045.0 25 300
63709829@N00 1189997055.0 25 300
63709829@N00 1189997108.0 25 300
63709829@N00 1189998084.0 25 300
63709829@N00 1190008980.0 5 300
63709829@N00 1190009342.0 5 300
63709829@N00 1190009739.0 5 300
63709829@N00 1190009831.0 5 300
63709829@N00 1190013770.0 1 300
63709829@N00 1190014089.0 1 300
63709829@N00 1190014136.0 1 300
63709829@N00 1190014333.0 1 300
63709829@N00 1190014399.0 1 300
63709829@N00 1190015087.0 21 300
65809978@N00 1189733603.0 21 303
65809978@N00 1189733705.0 21 303
65809978@N00 1189734286.0 21 303
65809978@N00 1189734787.0 21 303
65809978@N00 1189734851.0 21 303
65809978@N00 1189735016.0 21 303
65809978@N00 1189735059.0 21 303
65809978@N00 1189735123.0 21 303
65809978@N00 1189735236.0 21 303
65809978@N00 1189735967.0 21 303
65809978@N00 1189735993.0 21 303
65809978@N00 1189736176.0 21 303
65809978@N00 1189736381.0 21 303
65809978@N00 1189736443.0 21 303
65809978@N00 1189736480.0 21 303
65809978@N00 1189736591.0 21 303
65809978@N00 1189736885.0 21 303
65809978@N00 1189737038.0 21 303
65809978@N00 1189737052.0 21 303
65809978@N00 1189737073.0 21 303
65809978@N00 1189737110.0 21 303
65809978@N00 1189737126.0 21 303
65809978@N00 1189737187.0 21 303
65809978@N00 1189737218.0 21 303
65809978@N00 1189737504.0 21 303
65809978@N00 1189737561.0 21 303
65809978@N00 1189737605.0 21 303
65809978@N00 1189737664.0 21 303
65809978@N00 1189737700.0 21 303
65809978@N00 1189737768.0 21 303
67248291@N00 1191912374.0 23 305
67248291@N00 1191912568.0 23 305
67769030@N07 1227586912.0 7 309
67769030@N07 1227591564.0 12 309
67769030@N07 1354851275.0 18 311
67769030@N07 1354864405.0 19 311
68222897@N00 1134798593.0 1 313
68222897@N00 1134798648.0 1 313
68222897@N00 1134798711.0 1 313
68222897@N00 1167893228.0 1 314
68222897@N00 1167893233.0 1 314
68222897@N00 1167893237.0 1 314
68222897@N00 1167893242.0 1 314
68222897@N00 1167893248.0 1 314
68222897@N00 1167893252.0 1 314
68222897@N00 1167893257.0 1 314
68222897@N00 1167893262.0 1 314
68222897@N00 1167893266.0 1 314
68222897@N00 1167893271.0 1 314
68222897@N00 1167893276.0 1 314
68222897@N00 1167893282.0 1 314
68222897@N00 1167893287.0 1 314
68222897@N00 1167893292.0 1 314
68222897@N00 1167893308.0 1 314
68547060@N00 1394347756.0 10 315
68547060@N00 1394347931.0 10 315
68547060@N00 1394348060.0 10 315
68547060@N00 1394348697.0 10 315
69754706@N02 1383005039.0 5 316
69754706@N02 1383005441.0 5 316
69754706@N02 1383005773.0 5 316
69754706@N02 1383008522.0 1 316
69754706@N02 1383008724.0 1 316
69754706@N02 1383008992.0 1 316
69754706@N02 1383090276.0 1 317
69754706@N02 1383104951.0 16 317
69754706@N02 1383105085.0 16 317
69754706@N02 1383105199.0 16 317
69754706@N02 1383105252.0 16 317
69754706@N02 1383106286.0 16 317
69754706@N02 1383106395.0 16 317
70273910@N00 1144623877.0 10 322
70273910@N00 1144624058.0 10 322
70273910@N00 1144625915.0 10 322
70273910@N00 1144626429.0 10 322
70273910@N00 1144629823.0 5 322
70273910@N00 1144630357.0 5 322
70273910@N00 1144971595.0 22 325
70273910@N00 1144978784.0 6 325
70273910@N00 1144978985.0 6 325
70806177@N00 1363654011.0 18 326
70806177@N00 1363664054.0 25 326
70808556@N00 1353015829.0 1 328
70808556@N00 1353016148.0 1 328
7125396@N05 1188972705.0 19 329
7125396@N05 1188973137.0 19 329
7125396@N05 1188973203.0 19 329
7125396@N05 1188976995.0 1 329
7177420@N03 1255031399.0 7 331
7177420@N03 1255032444.0 7 331
7177420@N03 1255032499.0 7 331
7177420@N03 1255032543.0 7 331
7177420@N03 1255032574.0 7 331
7177420@N03 1255032632.0 7 331
7177420@N03 1255032814.0 7 331
7177420@N03 1255032900.0 7 331
7177420@N03 1255032996.0 7 331
7177420@N03 1255033288.0 7 331
7177420@N03 1255038578.0 18 331
7177420@N03 1255038737.0 18 331
7177420@N03 1255039207.0 18 331
7177420@N03 1255039296.0 18 331
7183730@N06 1332722314.0 25 332
7183730@N06 1332722536.0 25 332
7183730@N06 1332722588.0 25 332
7183730@N06 1332722780.0 25 332
7183730@N06 1332723222.0 25 332
7183730@N06 1332723258.0 25 332
7183730@N06 1332723408.0 25 332
7183730@N06 1332723494.0 25 332
7183730@N06 1332723540.0 25 332
7183730@N06 1332723830.0 25 332
7183730@N06 1332724216.0 25 332
7183730@N06 1332724286.0 25 332
7183730@N06 1332724316.0 25 332
7183730@N06 1332727800.0 16 332
7183730@N06 1332731554.0 16 332
7183730@N06 1332731672.0 16 332
7183730@N06 1332742116.0 12 332
7183730@N06 1332742704.0 12 332
7183730@N06 1332742780.0 12 332
7183730@N06 1332742930.0 11 332
7183730@N06 1332742982.0 11 332
7183730@N06 1332743006.0 11 332
7183730@N06 1332743034.0 11 332
7183730@N06 1332743252.0 11 332
7183730@N06 1332743278.0 11 332
7183730@N06 1332743348.0 11 332
7183730@N06 1332743432.0 11 332
7183730@N06 1332748566.0 1 332
7183730@N06 1332748592.0 1 332
7183730@N06 1332748752.0 1 332
72155957@N00 1238455994.0 24 334
72155957@N00 1238456018.0 24 334
72155957@N00 1238456044.0 24 334
72155957@N00 1238456077.0 24 334
72155957@N00 1238456219.0 24 334
72155957@N00 1238456240.0 24 334
72155957@N00 1238456280.0 24 334
72155957@N00 1238456504.0 24 334
72155957@N00 1238456585.0 24 334
72155957@N00 1238456676.0 24 334
72155957@N00 1238456692.0 24 334
72155957@N00 1238456837.0 24 334
72155957@N00 1238456867.0 24 334
72155957@N00 1238457105.0 24 334
72155957@N00 1238457537.0 24 334
72155957@N00 1238457659.0 24 334
72155957@N00 1238457665.0 24 334
72155957@N00 1238457772.0 24 334
72155957@N00 1238457817.0 24 334
72155957@N00 1238457905.0 24 334
72155957@N00 1238458986.0 24 334
72155957@N00 1238459052.0 24 334
72155957@N00 1238459076.0 24 334
72155957@N00 1238459238.0 24 334
72155957@N00 1238459264.0 24 334
72155957@N00 1238459322.0 24 334
72155957@N00 1238459342.0 24 334
72155957@N00 1238459463.0 24 334
72155957@N00 1238459530.0 24 334
72155957@N00 1238459644.0 24 334
72155957@N00 1238459917.0 24 334
72155957@N00 1238459923.0 24 334
72155957@N00 1238460372.0 24 334
72155957@N00 1238460390.0 24 334
72155957@N00 1238460423.0 24 334
72155957@N00 1238460432.0 24 334
72155957@N00 1238460474.0 24 334
72155957@N00 1238460484.0 24 334
72155957@N00 1238460502.0 24 334
72155957@N00 1238460629.0 24 334
72155957@N00 1238460687.0 24 334
72155957@N00 1238460824.0 24 334
72155957@N00 1238460977.0 24 334
72155957@N00 1238460992.0 24 334
72155957@N00 1238461143.0 24 334
72155957@N00 1238461156.0 24 334
72155957@N00 1238461160.0 24 334
72155957@N00 1238461248.0 24 334
72155957@N00 1238461375.0 24 334
72155957@N00 1238461597.0 24 334
72155957@N00 1238461637.0 24 334
72155957@N00 1238461673.0 24 334
72155957@N00 1238461712.0 24 334
72155957@N00 1238461762.0 24 334
72155957@N00 1238461773.0 24 334
72155957@N00 1238461849.0 24 334
72155957@N00 1238462028.0 24 334
72155957@N00 1238462371.0 24 334
72155957@N00 1238462421.0 24 334
72155957@N00 1238462547.0 24 334
72155957@N00 1238462722.0 24 334
72155957@N00 1238462741.0 24 334
72155957@N00 1238462828.0 24 334
72155957@N00 1238465085.0 24 334
72155957@N00 1238465709.0 24 334
72155957@N00 1346808032.0 4 335
72155957@N00 1346808049.0 4 335
72155957@N00 1346808055.0 4 335
72155957@N00 1346808074.0 4 335
72155957@N00 1346808106.0 4 335
72155957@N00 1346808137.0 4 335
72155957@N00 1346808424.0 4 335
72155957@N00 1346808717.0 4 335
72155957@N00 1346808912.0 4 335
7226703@N06 1251333335.0 1 337
7226703@N06 1251333823.0 1 337
72275263@N00 1260160376.0 18 338
72275263@N00 1260160445.0 18 338
72275263@N00 1260160455.0 18 338
72275263@N00 1260160479.0 18 338
72275263@N00 1260160533.0 18 338
72275263@N00 1260160673.0 18 338
72275263@N00 1260160749.0 18 338
72275263@N00 1260160901.0 18 338
72275263@N00 1260160915.0 18 338
72275263@N00 1260160948.0 18 338
72275263@N00 1260160954.0 18 338
72275263@N00 1260160982.0 18 338
72275263@N00 1260161017.0 18 338
72275263@N00 1260161028.0 18 338
72275263@N00 1260161078.0 18 338
72356975@N00 1130283490.0 22 340
72356975@N00 1130296655.0 7 340
73161879@N00 1225149449.0 12 343
73161879@N00 1225149822.0 11 343
74812955@N00 1357416427.0 7 345
74812955@N00 1357416625.0 7 345
74812955@N00 1357434492.0 19 345
74821492@N00 1363379071.0 1 348
74821492@N00 1363379071.0 1 348
74821492@N00 1363379283.0 1 348
74821492@N00 1363379701.0 1 348
74821492@N00 1363548697.0 1 349
74821492@N00 1363550323.0 1 349
74821492@N00 1363550323.0 1 349
74821492@N00 1363550323.0 1 349
75094443@N00 1382156915.0 19 350
75094443@N00 1382157237.0 19 350
75546495@N03 934862400.0 7 351
75546495@N03 934862401.0 18 351
76209814@N00 1242749584.0 12 353
76209814@N00 1242749675.0 12 353
76209814@N00 1242753511.0 1 353
76209814@N00 1242758417.0 7 353
76209814@N00 1243272177.0 21 354
76209814@N00 1243281643.0 18 354
76209814@N00 1243284857.0 18 354
76209814@N00 1243285116.0 18 354
76209814@N00 1243286015.0 18 354
76209814@N00 1243286044.0 18 354
76281529@N00 1140850549.0 1 355
76281529@N00 1140851159.0 1 355
76281529@N00 1140853579.0 1 355
76281529@N00 1152429320.0 12 356
76281529@N00 1152429386.0 12 356
76281529@N00 1152429421.0 12 356
76281529@N00 1152429526.0 12 356
76281529@N00 1152429716.0 12 356
76281529@N00 1152429820.0 12 356
76281529@N00 1152431250.0 12 356
76281529@N00 1152431250.0 12 356
76281529@N00 1152431305.0 12 356
76281529@N00 1152431895.0 12 356
76281529@N00 1152431936.0 12 356
76281529@N00 1152431936.0 12 356
76281529@N00 1152431986.0 12 356
76281529@N00 1152432037.0 12 356
76281529@N00 1152432158.0 12 356
76281529@N00 1152432234.0 12 356
76281529@N00 1152432287.0 12 356
76281529@N00 1152432445.0 12 356
76281529@N00 1152432570.0 12 356
76281529@N00 1152432595.0 12 356
76281529@N00 1152432665.0 12 356
76281529@N00 1152432718.0 12 356
76281529@N00 1152432915.0 12 356
76281529@N00 1152433006.0 12 356
76281529@N00 1152433123.0 12 356
76281529@N00 1152433123.0 12 356
76281529@N00 1152433176.0 12 356
76281529@N00 1152433351.0 12 356
76281529@N00 1152433569.0 12 356
76281529@N00 1152433623.0 12 356
76281529@N00 1152433650.0 12 356
76281529@N00 1152433724.0 12 356
76281529@N00 1185010688.0 12 357
76281529@N00 1185011462.0 12 357
76281529@N00 1191741389.0 12 358
76281529@N00 1191741486.0 12 358
76281529@N00 1191741630.0 12 358
76281529@N00 1191743520.0 12 358
76664011@N00 1312099678.0 12 360
76664011@N00 1312100632.0 12 360
76664011@N00 1312100806.0 12 360
76664011@N00 1312101456.0 12 360
76664011@N00 1312101465.0 12 360
76664011@N00 1312101489.0 12 360
76664011@N00 1312101542.0 12 360
76664011@N00 1312101556.0 12 360
76664011@N00 1312101591.0 12 360
76664011@N00 1312101595.0 12 360
76664011@N00 1312101596.0 12 360
76664011@N00 1312101647.0 12 360
76664011@N00 1312101680.0 12 360
76664011@N00 1312101700.0 12 360
76664011@N00 1312101741.0 12 360
76664011@N00 1312101749.0 12 360
76664011@N00 1312101778.0 12 360
76664011@N00 1312101846.0 12 360
76664011@N00 1312101863.0 12 360
76664011@N00 1312101897.0 12 360
76664011@N00 1312101945.0 12 360
76664011@N00 1312101950.0 12 360
76664011@N00 1312102085.0 12 360
76664011@N00 1312102093.0 12 360
76664011@N00 1312102099.0 12 360
76664011@N00 1312102235.0 12 360
76664011@N00 1312102251.0 12 360
76664011@N00 1312102278.0 12 360
76664011@N00 1312102337.0 12 360
76664011@N00 1312102348.0 12 360
76664011@N00 1312102365.0 12 360
76664011@N00 1312102387.0 12 360
76664011@N00 1312102410.0 12 360
76664011@N00 1312102527.0 12 360
76664011@N00 1312102652.0 12 360
76664011@N00 1312102653.0 12 360
76664011@N00 1312102713.0 12 360
76664011@N00 1312102716.0 12 360
76664011@N00 1312102718.0 12 360
76664011@N00 1312102720.0 12 360
76664011@N00 1312102789.0 12 360
76664011@N00 1312102935.0 12 360
76664011@N00 1312102973.0 12 360
76664011@N00 1312102987.0 12 360
76664011@N00 1312103085.0 12 360
76664011@N00 1312103159.0 12 360
76664011@N00 1312103181.0 12 360
76664011@N00 1312103182.0 12 360
76664011@N00 1312103285.0 12 360
76664011@N00 1312103326.0 12 360
76664011@N00 1312103432.0 12 360
76664011@N00 1312103454.0 12 360
76664011@N00 1312103497.0 12 360
76664011@N00 1312103591.0 12 360
76664011@N00 1312103679.0 12 360
7666975@N03 1315030233.0 10 361
7666975@N03 1315030368.0 10 361
7666975@N03 1315030556.0 10 361
7666975@N03 1315030926.0 10 361
7666975@N03 1315030968.0 10 361
7666975@N03 1315031324.0 10 361
7666975@N03 1315032978.0 5 361
7666975@N03 1315033035.0 5 361
7666975@N03 1315033154.0 5 361
7666975@N03 1315033577.0 5 361
7666975@N03 1315048057.0 1 361
7666975@N03 1315201419.0 9 362
7666975@N03 1315201509.0 9 362
7666975@N03 1315201610.0 9 362
7666975@N03 1315201794.0 9 362
7666975@N03 1315201957.0 9 362
7666975@N03 1315202284.0 9 362
7666975@N03 1315204492.0 18 362
7666975@N03 1315204616.0 18 362
7666975@N03 1315204649.0 18 362
7666975@N03 1315205462.0 18 362
7666975@N03 1315205540.0 18 362
7666975@N03 1315205578.0 18 362
7666975@N03 1315205840.0 18 362
7666975@N03 1315205849.0 18 362
7666975@N03 1315467292.0 19 363
7666975@N03 1315467637.0 19 363
7687293@N03 1361662703.0 16 365
7687293@N03 1361662903.0 16 365
7687293@N03 1361663723.0 16 365
7687293@N03 1361663748.0 16 365
7687293@N03 1361665642.0 16 365
7687293@N03 1361665697.0 16 365
7687293@N03 1361665961.0 16 365
7687293@N03 1361666012.0 16 365
7687293@N03 1361666779.0 16 365
7687293@N03 1361666792.0 16 365
7687293@N03 1361676837.0 24 365
7687293@N03 1361677039.0 24 365
7687293@N03 1361677584.0 24 365
7687293@N03 1361678312.0 24 365
7687293@N03 1361678899.0 24 365
7687293@N03 1361679085.0 24 365
7687293@N03 1361679587.0 24 365
7687293@N03 1361679944.0 24 365
7687293@N03 1361679957.0 24 365
7687293@N03 1361681682.0 24 365
7687293@N03 1361682325.0 24 365
7687293@N03 1361682404.0 24 365
7687293@N03 1361682426.0 24 365
7687293@N03 1361682444.0 24 365
7687293@N03 1361682458.0 24 365
7687293@N03 1361764150.0 18 366
7687293@N03 1361768827.0 18 366
77684811@N00 977749289.0 7 371
77684811@N00 977749294.0 7 371
77684811@N00 977749302.0 7 371
77684811@N00 977749311.0 7 371
77684811@N00 977749315.0 7 371
77684811@N00 978264791.0 18 372
77684811@N00 978264853.0 18 372
77967821@N00 1311586079.0 9 374
77967821@N00 1311588793.0 18 374
77967821@N00 1311764089.0 18 375
77967821@N00 1311764218.0 18 375
78656894@N00 1184207595.0 7 376
78656894@N00 1184207642.0 7 376
78656894@N00 1184207822.0 7 376
78656894@N00 1184208255.0 7 376
78656894@N00 1184208304.0 7 376
78656894@N00 1184208733.0 7 376
78656894@N00 1184208744.0 7 376
78656894@N00 1184208814.0 7 376
78656894@N00 1184208900.0 7 376
78656894@N00 1184271615.0 25 377
78656894@N00 1184271638.0 25 377
78656894@N00 1188591769.0 18 378
78656894@N00 1188592094.0 18 378
78656894@N00 1188592142.0 18 378
78656894@N00 1188592207.0 18 378
78656894@N00 1188592322.0 18 378
78656894@N00 1188592534.0 18 378
78656894@N00 1188592676.0 18 378
78656894@N00 1188593007.0 18 378
78656894@N00 1188593078.0 18 378
78656894@N00 1188684380.0 10 379
78656894@N00 1188684402.0 10 379
78656894@N00 1188684654.0 10 379
78656894@N00 1188684872.0 10 379
78656894@N00 1188687605.0 5 379
78656894@N00 1188687897.0 5 379
78656894@N00 1188687970.0 5 379
78656894@N00 1188688067.0 5 379
78656894@N00 1188688149.0 5 379
78656894@N00 1188688644.0 5 379
7926355@N06 1195082404.0 7 381
7926355@N06 1195082433.0 7 381
7926355@N06 1195082566.0 7 381
7926355@N06 1195082622.0 7 381
7926355@N06 1195082748.0 7 381
7926355@N06 1195083470.0 7 381
7926355@N06 1195086117.0 7 381
7926355@N06 1195086123.0 7 381
7926355@N06 1195086771.0 7 381
7926355@N06 1195093246.0 9 381
79476731@N00 1329098426.0 26 382
79476731@N00 1329098718.0 26 382
79476731@N00 1329099845.0 26 382
79476731@N00 1329100062.0 26 382
79581021@N00 1236999563.0 9 383
79581021@N00 1236999708.0 9 383
79581021@N00 1237001396.0 9 383
79581021@N00 1237001899.0 9 383
79581021@N00 1237002917.0 18 383
79581021@N00 1237005280.0 18 383
8250978@N04 1357915580.0 18 390
8250978@N04 1357916742.0 18 390
8250978@N04 1357916953.0 18 390
8250978@N04 1357916974.0 18 390
8250978@N04 1357917061.0 18 390
8250978@N04 1357917358.0 18 390
8250978@N04 1357919821.0 9 390
8250978@N04 1357920074.0 9 390
8250978@N04 1358183570.0 19 392
8250978@N04 1358183642.0 19 392
8250978@N04 1358187239.0 4 392
8293801@N07 1357187076.0 19 396
8293801@N07 1357193871.0 23 396
8431144@N02 1163297383.0 7 400
8431144@N02 1163300962.0 7 400
85169589@N00 1194654133.0 7 401
85169589@N00 1194655566.0 7 401
85799032@N00 1355532470.0 7 402
85799032@N00 1355536295.0 7 402
86151521@N00 1145169600.0 19 405
86151521@N00 1145172120.0 19 405
86151521@N00 1145178480.0 19 405
86151521@N00 1149491820.0 5 406
86151521@N00 1149495240.0 5 406
86151521@N00 1149496020.0 5 406
86151521@N00 1149496500.0 5 406
8638314@N05 1042951473.0 18 407
8638314@N05 1042951765.0 18 407
8697700@N03 1273864334.0 11 408
8697700@N03 1273864440.0 11 408
8697700@N03 1273864550.0 11 408
8697700@N03 1273864639.0 11 408
8697700@N03 1273864683.0 11 408
8697700@N03 1273864720.0 11 408
8697700@N03 1273864857.0 11 408
8697700@N03 1273865091.0 11 408
8697700@N03 1273865489.0 11 408
8721758@N06 1177308534.0 23 411
8721758@N06 1177308643.0 23 411
8721758@N06 1270584210.0 11 412
8721758@N06 1270584434.0 11 412
87686038@N07 1375606137.0 16 413
87686038@N07 1375606494.0 16 413
87686038@N07 1375606494.0 16 413
87686038@N07 1375606690.0 16 413
87686038@N07 1375659855.0 18 414
87686038@N07 1375660347.0 18 414
87686038@N07 1375660462.0 18 414
87686038@N07 1375660690.0 18 414
87686038@N07 1375661740.0 18 414
87686038@N07 1375663079.0 18 414
87686038@N07 1375663337.0 18 414
8796403@N06 1359255764.0 16 417
8796403@N06 1359256553.0 16 417
8796403@N06 1359256940.0 16 417
8796403@N06 1359257235.0 16 417
8796403@N06 1359257380.0 16 417
8796403@N06 1359257850.0 16 417
8796403@N06 1359257874.0 16 417
8796403@N06 1359258303.0 16 417
8796403@N06 1359271475.0 16 417
8796403@N06 1359271807.0 16 417
8796403@N06 1359272181.0 16 417
8796403@N06 1359272701.0 16 417
8796403@N06 1359273791.0 16 417
8796403@N06 1359273903.0 16 417
8796403@N06 1359274604.0 16 417
88878784@N00 1277861894.0 12 419
88878784@N00 1277861959.0 12 419
88878784@N00 1277863002.0 12 419
88878784@N00 1277863120.0 12 419
88878784@N00 1277863248.0 12 419
88878784@N00 1277863412.0 12 419
88901594@N00 1218163635.0 11 420
88901594@N00 1218164142.0 11 420
88901594@N00 1218164431.0 11 420
88901594@N00 1218165035.0 11 420
88901594@N00 1218165282.0 11 420
88901594@N00 1218165986.0 12 420
89044848@N00 1089891778.0 12 421
89044848@N00 1089891822.0 12 421
89044848@N00 1089891867.0 12 421
89044848@N00 1089891877.0 12 421
89044848@N00 1089891952.0 12 421
89044848@N00 1089891963.0 12 421
89044848@N00 1089891973.0 12 421
89044848@N00 1089891996.0 12 421
89044848@N00 1089892032.0 12 421
89044848@N00 1089892133.0 12 421
89044848@N00 1089892154.0 12 421
89044848@N00 1089892165.0 12 421
89044848@N00 1089892219.0 12 421
89044848@N00 1089892297.0 12 421
89044848@N00 1089892376.0 12 421
89044848@N00 1089892386.0 12 421
89044848@N00 1089892399.0 12 421
89044848@N00 1089892409.0 12 421
89044848@N00 1089892450.0 12 421
89044848@N00 1089892469.0 12 421
89044848@N00 1089892480.0 12 421
89044848@N00 1089892499.0 12 421
89044848@N00 1089892546.0 12 421
89044848@N00 1089892596.0 12 421
89044848@N00 1089892607.0 12 421
89044848@N00 1089892618.0 12 421
89044848@N00 1089892640.0 12 421
89044848@N00 1089892648.0 12 421
89044848@N00 1089892736.0 12 421
89044848@N00 1089892753.0 12 421
89044848@N00 1089892769.0 12 421
89044848@N00 1089892911.0 12 421
89044848@N00 1089893173.0 12 421
89044848@N00 1089893273.0 12 421
89044848@N00 1089893278.0 12 421
89044848@N00 1089893285.0 12 421
89044848@N00 1089893311.0 12 421
89044848@N00 1089893349.0 12 421
89044848@N00 1089893514.0 12 421
89044848@N00 1089895056.0 12 421
89044848@N00 1089895292.0 12 421
89044848@N00 1089895296.0 12 421
89044848@N00 1089895324.0 12 421
89044848@N00 1089895455.0 12 421
89044848@N00 1089895482.0 12 421
89044848@N00 1089895498.0 12 421
89044848@N00 1089895502.0 12 421
89044848@N00 1089895505.0 12 421
89044848@N00 1089895564.0 12 421
89044848@N00 1089895690.0 12 421
89044848@N00 1089895697.0 12 421
89044848@N00 1089895857.0 12 421
89044848@N00 1089895867.0 12 421
89044848@N00 1089895909.0 12 421
89044848@N00 1089895969.0 12 421
89044848@N00 1089895977.0 12 421
89044848@N00 1089896006.0 12 421
89044848@N00 1089896012.0 12 421
89044848@N00 1089896025.0 12 421
89044848@N00 1089896030.0 12 421
89044848@N00 1089896048.0 12 421
89044848@N00 1089896055.0 12 421
89044848@N00 1089896065.0 12 421
89044848@N00 1089896096.0 12 421
89044848@N00 1089896135.0 12 421
89044848@N00 1089896163.0 12 421
89044848@N00 1089896168.0 12 421
89044848@N00 1089896174.0 12 421
89044848@N00 1089896220.0 12 421
89044848@N00 1089896355.0 12 421
89044848@N00 1089896409.0 12 421
89044848@N00 1089896422.0 12 421
89044848@N00 1089896429.0 12 421
89044848@N00 1089896436.0 12 421
89044848@N00 1089896442.0 12 421
89044848@N00 1089896540.0 12 421
89044848@N00 1089896545.0 12 421
89044848@N00 1089896744.0 12 421
89044848@N00 1089896781.0 12 421
89044848@N00 1089896804.0 12 421
89044848@N00 1089896811.0 12 421
89044848@N00 1089896839.0 12 421
89044848@N00 1089896864.0 12 421
89044848@N00 1089896906.0 12 421
89044848@N00 1089896948.0 12 421
89044848@N00 1089896961.0 12 421
89044848@N00 1089897123.0 12 421
89044848@N00 1089897182.0 12 421
89044848@N00 1089897208.0 12 421
89044848@N00 1089897843.0 12 421
89044848@N00 1089897886.0 12 421
89044848@N00 1089897907.0 12 421
89044848@N00 1089898490.0 12 421
89044848@N00 1089932703.0 12 422
89044848@N00 1089932821.0 12 422
89044848@N00 1089932835.0 12 422
89044848@N00 1089932862.0 12 422
89044848@N00 1089932890.0 12 422
89044848@N00 1089932903.0 12 422
89044848@N00 1089932909.0 12 422
89044848@N00 1089932938.0 12 422
89044848@N00 1089932952.0 12 422
89044848@N00 1089932964.0 12 422
89044848@N00 1089932977.0 12 422
89044848@N00 1089932979.0 12 422
89044848@N00 1089932999.0 12 422
89044848@N00 1089933003.0 12 422
89044848@N00 1089933026.0 12 422
89044848@N00 1089933034.0 12 422
89044848@N00 1089933039.0 12 422
89044848@N00 1089933052.0 12 422
89044848@N00 1089933073.0 12 422
89044848@N00 1089933101.0 12 422
89044848@N00 1089933180.0 12 422
89044848@N00 1089933191.0 12 422
89044848@N00 1089933234.0 12 422
89044848@N00 1089933238.0 12 422
89044848@N00 1089933249.0 12 422
89044848@N00 1089933254.0 12 422
89044848@N00 1089933291.0 12 422
89044848@N00 1089933300.0 12 422
89044848@N00 1089933328.0 12 422
89044848@N00 1089933347.0 12 422
89044848@N00 1089933349.0 12 422
89044848@N00 1089933381.0 12 422
89044848@N00 1089933403.0 12 422
89044848@N00 1089933439.0 12 422
89044848@N00 1089933460.0 12 422
89044848@N00 1089933469.0 12 422
89044848@N00 1089933485.0 12 422
89044848@N00 1089933501.0 12 422
89044848@N00 1089933513.0 12 422
89044848@N00 1089933569.0 12 422
89044848@N00 1089933588.0 12 422
89044848@N00 1089933601.0 12 422
89044848@N00 1089933645.0 12 422
89044848@N00 1089933668.0 12 422
89044848@N00 1089933769.0 12 422
89044848@N00 1089933781.0 12 422
89044848@N00 1089933785.0 12 422
89044848@N00 1089933863.0 12 422
89044848@N00 1089933871.0 12 422
89044848@N00 1089933875.0 12 422
89044848@N00 1089933895.0 12 422
89044848@N00 1089933901.0 12 422
89044848@N00 1089933948.0 12 422
89044848@N00 1089933990.0 12 422
89044848@N00 1089934057.0 12 422
89044848@N00 1089934083.0 12 422
89044848@N00 1089934141.0 12 422
89044848@N00 1089934163.0 12 422
89044848@N00 1089934216.0 12 422
89044848@N00 1089934238.0 12 422
89044848@N00 1089934304.0 12 422
89044848@N00 1089934337.0 12 422
89044848@N00 1089934352.0 12 422
89044848@N00 1089934475.0 12 422
89044848@N00 1089934480.0 12 422
89044848@N00 1089934491.0 12 422
89044848@N00 1089934600.0 12 422
89044848@N00 1089934720.0 12 422
89044848@N00 1089936018.0 12 422
89044848@N00 1167878917.0 12 423
89044848@N00 1167878927.0 12 423
89044848@N00 1167879017.0 12 423
89044848@N00 1167879030.0 12 423
89044848@N00 1167879049.0 12 423
89044848@N00 1167879055.0 12 423
89044848@N00 1167879077.0 12 423
89044848@N00 1167879089.0 12 423
89044848@N00 1167879186.0 12 423
89044848@N00 1167879203.0 12 423
89044848@N00 1167879204.0 12 423
89044848@N00 1167879235.0 12 423
89044848@N00 1167879239.0 12 423
89044848@N00 1167879246.0 12 423
89044848@N00 1167879270.0 12 423
89044848@N00 1167879338.0 12 423
89044848@N00 1167879358.0 12 423
89044848@N00 1167879374.0 12 423
89044848@N00 1167879385.0 12 423
89044848@N00 1167879414.0 12 423
89044848@N00 1167879432.0 12 423
89044848@N00 1167879473.0 12 423
89044848@N00 1167879490.0 12 423
89044848@N00 1167879597.0 12 423
89044848@N00 1167879675.0 12 423
89044848@N00 1167879678.0 12 423
89044848@N00 1167879690.0 12 423
89044848@N00 1167879693.0 12 423
89044848@N00 1167879698.0 12 423
89044848@N00 1167879725.0 12 423
89044848@N00 1167879732.0 12 423
89044848@N00 1167879739.0 12 423
89044848@N00 1167879756.0 12 423
89044848@N00 1167879852.0 12 423
89044848@N00 1167879867.0 12 423
89044848@N00 1167879878.0 12 423
89044848@N00 1167879882.0 12 423
89044848@N00 1167879892.0 12 423
89044848@N00 1167879906.0 12 423
89044848@N00 1167879922.0 12 423
89044848@N00 1167879927.0 12 423
89044848@N00 1167879945.0 12 423
89044848@N00 1167879968.0 12 423
89044848@N00 1167879995.0 12 423
89044848@N00 1167880013.0 12 423
89044848@N00 1167880015.0 12 423
89044848@N00 1167880029.0 12 423
89044848@N00 1167880031.0 12 423
89044848@N00 1167880034.0 12 423
89044848@N00 1167880055.0 12 423
89044848@N00 1167880104.0 12 423
89044848@N00 1167880112.0 12 423
89044848@N00 1167880200.0 12 423
89044848@N00 1167880208.0 12 423
89044848@N00 1167880209.0 12 423
89044848@N00 1167880211.0 12 423
89044848@N00 1167880212.0 12 423
89044848@N00 1167880216.0 12 423
89044848@N00 1167880217.0 12 423
89044848@N00 1167880218.0 12 423
89044848@N00 1167880220.0 12 423
89044848@N00 1167880223.0 12 423
89044848@N00 1167880242.0 12 423
89044848@N00 1167880305.0 12 423
89044848@N00 1167880316.0 12 423
89044848@N00 1167880323.0 12 423
89044848@N00 1167880368.0 12 423
89044848@N00 1167880511.0 12 423
89044848@N00 1167880543.0 12 423
89044848@N00 1167880548.0 12 423
89044848@N00 1167880557.0 12 423
89044848@N00 1167880558.0 12 423
89044848@N00 1167880563.0 12 423
89044848@N00 1167880564.0 12 423
89044848@N00 1182113922.0 12 424
89044848@N00 1182113938.0 12 424
89044848@N00 1182113958.0 12 424
89044848@N00 1182113974.0 12 424
89044848@N00 1182113991.0 12 424
89044848@N00 1182114011.0 12 424
89044848@N00 1182114030.0 12 424
89044848@N00 1182114050.0 12 424
89044848@N00 1182114069.0 12 424
89044848@N00 1182114089.0 12 424
89044848@N00 1182114106.0 12 424
89904893@N00 1391905369.0 7 428
89904893@N00 1391905988.0 7 428
89904893@N00 1391906541.0 7 428
89904893@N00 1391906772.0 7 428
89904893@N00 1391909166.0 18 428
89904893@N00 1391921479.0 12 428
89904893@N00 1391922103.0 12 428
89904893@N00 1391922193.0 11 428
90417577@N00 1187837622.0 25 429
90417577@N00 1187837622.0 25 429
90417577@N00 1187837678.0 25 429
90417577@N00 1187837678.0 25 429
90417577@N00 1187837722.0 25 429
90417577@N00 1187837722.0 25 429
90417577@N00 1187837782.0 25 429
90417577@N00 1187837782.0 25 429
90417577@N00 1187837940.0 25 429
90417577@N00 1187837940.0 25 429
90417577@N00 1187838533.0 25 429
90417577@N00 1187838533.0 25 429
90417577@N00 1187840378.0 3 429
90417577@N00 1187840378.0 3 429
90417577@N00 1187840396.0 3 429
90417577@N00 1187840396.0 3 429
90417577@N00 1187840406.0 3 429
90417577@N00 1187840406.0 3 429
90417577@N00 1187840450.0 3 429
90417577@N00 1187840450.0 3 429
90417577@N00 1187840490.0 3 429
90417577@N00 1187840490.0 3 429
90417577@N00 1187840505.0 3 429
90417577@N00 1187840505.0 3 429
90417577@N00 1187840584.0 3 429
90417577@N00 1187840584.0 3 429
90417577@N00 1187840644.0 3 429
90417577@N00 1187840644.0 3 429
90417577@N00 1187840687.0 3 429
90417577@N00 1187840687.0 3 429
90417577@N00 1187840709.0 3 429
90417577@N00 1187840709.0 3 429
90417577@N00 1187840720.0 3 429
90417577@N00 1187840720.0 3 429
90417577@N00 1187840864.0 3 429
90417577@N00 1187840864.0 3 429
90417577@N00 1187840895.0 3 429
90417577@N00 1187840895.0 3 429
90417577@N00 1187840903.0 3 429
90417577@N00 1187840903.0 3 429
90417577@N00 1187841021.0 3 429
90417577@N00 1187841021.0 3 429
90417577@N00 1187841804.0 23 429
90417577@N00 1187841804.0 23 429
90417577@N00 1187842112.0 23 429
90417577@N00 1187842112.0 23 429
90417577@N00 1187842175.0 23 429
90417577@N00 1187842175.0 23 429
90417577@N00 1187842278.0 23 429
90417577@N00 1187842296.0 23 429
90417577@N00 1187842306.0 23 429
90417577@N00 1187842307.0 23 429
90417577@N00 1187842308.0 23 429
90417577@N00 1187842308.0 23 429
90417577@N00 1187842356.0 23 429
90417577@N00 1187842463.0 23 429
90417577@N00 1187842478.0 23 429
90417577@N00 1187842558.0 23 429
90417577@N00 1187842658.0 23 429
90417577@N00 1187842676.0 23 429
90417577@N00 1187842681.0 23 429
90417577@N00 1187842762.0 23 429
90417577@N00 1187842902.0 23 429
90417577@N00 1187854718.0 19 429
90417577@N00 1187854877.0 19 429
91685781@N00 1358535469.0 4 434
91685781@N00 1358535480.0 4 434
91685781@N00 1358535853.0 4 434
91685781@N00 1358536832.0 9 434
91685781@N00 1358537043.0 9 434
91685781@N00 1358538062.0 9 434
91685781@N00 1358541290.0 7 434
91685781@N00 1358541418.0 7 434
91685781@N00 1358541500.0 7 434
91685781@N00 1358541535.0 7 434
91685781@N00 1358541754.0 7 434
91685781@N00 1358541769.0 7 434
91685781@N00 1358548037.0 18 434
91685781@N00 1358548562.0 18 434
91685781@N00 1358548733.0 18 434
91685781@N00 1358548914.0 18 434
91685781@N00 1358624310.0 22 435
91685781@N00 1358625412.0 22 435
91685781@N00 1358626975.0 1 435
91685781@N00 1358626975.0 1 435
91685781@N00 1358627032.0 1 435
91685781@N00 1358627108.0 1 435
91685781@N00 1358627137.0 1 435
91685781@N00 1358718423.0 19 436
91685781@N00 1358718508.0 19 436
91685781@N00 1358718897.0 19 436
91685781@N00 1358719086.0 19 436
9237707@N05 1293232069.0 26 437
9237707@N05 1293232099.0 26 437
9237707@N05 1293236734.0 26 437
9237707@N05 1293236915.0 26 437
9237707@N05 1293239538.0 26 437
9237707@N05 1293239539.0 26 437
9237707@N05 1293240974.0 26 437
9237707@N05 1329008071.0 26 438
9237707@N05 1329010653.0 26 438
9237707@N05 1329011208.0 26 438
92455828@N00 1389065351.0 7 439
92455828@N00 1389065382.0 7 439
92455828@N00 1389065393.0 7 439
92455828@N00 1389065629.0 7 439
92455828@N00 1389065640.0 7 439
92455828@N00 1389065696.0 7 439
92455828@N00 1389067638.0 7 439
92455828@N00 1389067650.0 7 439
92455828@N00 1389067957.0 7 439
92455828@N00 1389067966.0 7 439
92455828@N00 1389068071.0 7 439
92455828@N00 1389068174.0 7 439
92455828@N00 1389068180.0 7 439
92455828@N00 1389068232.0 7 439
92455828@N00 1389068415.0 7 439
92455828@N00 1389068428.0 7 439
92455828@N00 1389068438.0 7 439
92455828@N00 1389068483.0 7 439
92455828@N00 1389068608.0 7 439
92455828@N00 1389068657.0 7 439
92455828@N00 1389068682.0 7 439
92496717@N00 1303430833.0 4 440
92496717@N00 1303436894.0 23 440
92496717@N00 1303512038.0 18 441
92496717@N00 1303537174.0 4 441
92496717@N00 1303595965.0 6 442
92496717@N00 1303615536.0 4 442
92496717@N00 1304807594.0 12 443
92496717@N00 1304808000.0 12 443
92496717@N00 1304818700.0 25 443
93085601@N00 1200061336.0 16 445
93085601@N00 1200061600.0 16 445
93085601@N00 1200062843.0 16 445
93085601@N00 1200063062.0 16 445
93085601@N00 1200063128.0 16 445
93085601@N00 1200161846.0 5 446
93085601@N00 1200162122.0 5 446
93085601@N00 1200162246.0 5 446
93727562@N00 1385239162.0 16 450
93727562@N00 1385239431.0 16 450
93727562@N00 1385239726.0 16 450
93727562@N00 1385240362.0 16 450
93727562@N00 1385242526.0 16 450
94093643@N00 982625608.0 11 451
94093643@N00 982629729.0 11 451
94093643@N00 982630153.0 11 451
94093643@N00 982631401.0 11 451
94093643@N00 982631549.0 11 451
94093643@N00 982631711.0 11 451
95012188@N02 1323052816.0 11 452
95012188@N02 1323053112.0 11 452
95674706@N00 1135718417.0 7 454
95674706@N00 1135718421.0 7 454
95674706@N00 1135718478.0 7 454
95674706@N00 1135718483.0 7 454
95674706@N00 1135718682.0 7 454
95674706@N00 1135718724.0 7 454
95674706@N00 1135718789.0 7 454
95674706@N00 1135718824.0 7 454
95674706@N00 1135718946.0 7 454
95674706@N00 1135719252.0 7 454
95674706@N00 1135719262.0 7 454
95674706@N00 1135719277.0 7 454
95674706@N00 1135719297.0 7 454
95674706@N00 1135719338.0 7 454
95674706@N00 1135719384.0 7 454
95674706@N00 1135719964.0 7 454
95674706@N00 1135722080.0 18 454
95674706@N00 1135722087.0 18 454
95674706@N00 1135722115.0 18 454
95674706@N00 1135722162.0 18 454
95674706@N00 1135722207.0 18 454
95674706@N00 1135722337.0 18 454
95674706@N00 1135722347.0 18 454
95674706@N00 1135722498.0 18 454
95674706@N00 1135722532.0 18 454
95674706@N00 1135724458.0 25 454
95674706@N00 1135724609.0 25 454
95674706@N00 1135725290.0 25 454
95674706@N00 1167358334.0 12 456
95674706@N00 1167358350.0 12 456
95674706@N00 1167358463.0 12 456
95674706@N00 1167358472.0 12 456
95674706@N00 1167358483.0 12 456
95674706@N00 1167358617.0 12 456
95674706@N00 1167358806.0 12 456
95674706@N00 1167358834.0 12 456
95674706@N00 1167358900.0 12 456
95674706@N00 1167359161.0 12 456
95674706@N00 1167359231.0 12 456
95674706@N00 1167359406.0 12 456
95674706@N00 1167361514.0 12 456
95674706@N00 1167696350.0 10 457
95674706@N00 1167696531.0 10 457
95674706@N00 1167696732.0 10 457
95674706@N00 1167697005.0 10 457
95674706@N00 1197679022.0 21 458
95674706@N00 1197690557.0 18 458
95674706@N00 1197690594.0 18 458
95674706@N00 1197690671.0 18 458
95674706@N00 1197690682.0 18 458
95674706@N00 1201400113.0 9 459
95674706@N00 1201401635.0 9 459
9620344@N08 1307265050.0 18 462
9620344@N08 1307265454.0 18 462
9620344@N08 1307266354.0 18 462
9620344@N08 1307266481.0 18 462
9620344@N08 1307266491.0 18 462
9620344@N08 1307267533.0 18 462
96662287@N02 1372980248.0 5 464
96662287@N02 1372980391.0 5 464
96662287@N02 1373055519.0 7 465
96662287@N02 1373055866.0 7 465
96662287@N02 1373134815.0 5 466
96662287@N02 1373139836.0 10 466
96662287@N02 1373139960.0 10 466
96662287@N02 1373140479.0 10 466
96662287@N02 1373141198.0 10 466
97055731@N00 1168481487.0 7 469
97055731@N00 1168481594.0 7 469
97108788@N00 1117211432.0 18 472
97108788@N00 1117217721.0 7 472
97108788@N00 1117220520.0 7 472
97108788@N00 1117220806.0 7 472
97108788@N00 1117292140.0 23 473
97108788@N00 1117292406.0 23 473
97108788@N00 1117292416.0 23 473
97108788@N00 1117292836.0 23 473
97108788@N00 1117292836.0 23 473
97108788@N00 1117293252.0 23 473
97108788@N00 1117293589.0 23 473
97108788@N00 1117294064.0 23 473
97108788@N00 1117294159.0 23 473
97108788@N00 1117298030.0 1 473
97725124@N00 1383294034.0 4 474
97725124@N00 1383294198.0 4 474
97725124@N00 1383294259.0 4 474
97725124@N00 1383294321.0 4 474
97725124@N00 1383294400.0 4 474
97725124@N00 1383294426.0 4 474
97725124@N00 1383294438.0 4 474
97725124@N00 1383294449.0 4 474
97725124@N00 1383294578.0 4 474
97725124@N00 1383294632.0 4 474
97725124@N00 1383294637.0 4 474
97725124@N00 1383294684.0 4 474
97725124@N00 1383295533.0 4 474
97725124@N00 1383296049.0 4 474
97725124@N00 1383298484.0 4 474
97725124@N00 1383298494.0 4 474
97725124@N00 1383298501.0 4 474
97725124@N00 1383298705.0 4 474
97725124@N00 1383299046.0 4 474
97725124@N00 1383299057.0 4 474
97725124@N00 1383299063.0 4 474
97725124@N00 1383299176.0 4 474
98833136@N00 1348089406.0 25 476
98833136@N00 1348090203.0 25 476
98833136@N00 1348090373.0 25 476
98833136@N00 1348090463.0 25 476
98833136@N00 1348091951.0 25 476
98833136@N00 1348104799.0 19 476
98833136@N00 1348104877.0 19 476
99366248@N00 1138237097.0 12 478
99366248@N00 1138237412.0 12 478
99366248@N00 1138237744.0 12 478
99366248@N00 1138237928.0 12 478
99366248@N00 1194839955.0 18 480
99366248@N00 1194842114.0 18 480
99366248@N00 1209793680.0 18 482
99366248@N00 1209793777.0 18 482
99366248@N00 1226714106.0 18 484
99366248@N00 1226714908.0 18 484
99366248@N00 1226715078.0 18 484
99366248@N00 1226715127.0 18 484
99366248@N00 1226715421.0 9 484
99366248@N00 1226716762.0 9 484
99366248@N00 1226716947.0 9 484
99366248@N00 1226717587.0 9 484
99366248@N00 1226723684.0 9 484
99456501@N00 1231029038.0 7 488
99456501@N00 1231029053.0 7 488
99456501@N00 1231029229.0 7 488
99456501@N00 1231029250.0 7 488
99456501@N00 1231029373.0 7 488
99456501@N00 1231029575.0 7 488
99456501@N00 1231029669.0 7 488
99456501@N00 1231030348.0 7 488
99456501@N00 1231030371.0 7 488
99456501@N00 1231032107.0 7 488
99456501@N00 1231041942.0 1 488
99456501@N00 1231042387.0 1 488
99456501@N00 1231047353.0 10 488
99456501@N00 1231047372.0 10 488
99456501@N00 1231047486.0 10 488
99456501@N00 1231048027.0 10 488
99456501@N00 1231048064.0 10 488
99456501@N00 1231048108.0 10 488
99456501@N00 1231048675.0 10 488
99456501@N00 1231048833.0 10 488
