1 2 1757
1 3 122
1 4 1113
1 5 448
1 6 1128
1 7 884
1 8 4064
1 9 3450
1 10 3333
1 11 1070
1 12 7587
1 13 1982
1 14 1946
1 15 1635
1 16 2196
1 17 2914
1 18 725
1 19 1171
1 20 1185
1 21 1120
1 22 8912
1 23 2920
1 24 262
1 25 1444
1 26 1046
1 27 1298
1 28 535
1 29 1235
1 30 2453
2 1 1667
2 3 1781
2 4 656
2 5 2076
2 6 1144
2 7 806
2 8 5608
2 9 2515
2 10 4877
2 11 908
2 12 6220
2 13 364
2 14 1794
2 15 973
2 16 2234
2 17 2583
2 18 2194
2 19 638
2 20 1554
2 21 1740
2 22 10111
2 23 4108
2 24 1542
2 25 838
2 26 2361
2 27 975
2 28 1329
2 29 2309
2 30 3641
3 1 134
3 2 1846
3 4 1202
3 5 374
3 6 1273
3 7 973
3 8 3988
3 9 3539
3 10 3257
3 11 1195
3 12 7712
3 13 2137
3 14 1962
3 15 1724
3 16 2285
3 17 3003
3 18 653
3 19 1260
3 20 1274
3 21 1209
3 22 8903
3 23 2858
3 24 350
3 25 1569
3 26 1001
3 27 1387
3 28 624
3 29 1173
3 30 2391
4 1 1184
4 2 775
4 3 1283
4 5 1582
4 6 643
4 7 380
4 8 5084
4 9 2807
4 10 4353
4 11 324
4 12 6806
4 13 1011
4 14 1351
4 15 1169
4 16 2219
4 17 2667
4 18 1701
4 19 448
4 20 1479
4 21 1586
4 22 9611
4 23 3705
4 24 1049
4 25 663
4 26 1958
4 27 967
4 28 876
4 29 2015
4 30 3238
5 1 514
5 2 2195
5 3 428
5 4 1551
5 6 1640
5 7 1322
5 8 3909
5 9 3856
5 10 3178
5 11 1562
5 12 8079
5 13 2486
5 14 2367
5 15 2040
5 16 2505
5 17 3223
5 18 279
5 19 1577
5 20 1358
5 21 1281
5 22 8833
5 23 2564
5 24 613
5 25 1936
5 26 627
5 27 1704
5 28 941
5 29 1023
5 30 2097
6 1 1249
6 2 1331
6 3 1358
6 4 666
6 5 1684
6 7 847
6 8 5038
6 9 3521
6 10 4307
6 11 377
6 12 6692
6 13 1460
6 14 1005
6 15 1788
6 16 2790
6 17 3238
6 18 1909
6 19 1031
6 20 2014
6 21 1950
6 22 9208
6 23 3953
6 24 1297
6 25 549
6 26 2206
6 27 1538
6 28 1201
6 29 2263
6 30 3486
7 1 927
7 2 938
7 3 1036
7 4 358
7 5 1335
7 6 803
7 8 4867
7 9 2730
7 10 4136
7 11 463
7 12 7085
7 13 1229
7 14 1615
7 15 995
7 16 1910
7 17 2445
7 18 1453
7 19 369
7 20 1170
7 21 1204
7 22 9602
7 23 3442
7 24 802
7 25 927
7 26 1695
7 27 658
7 28 618
7 29 1752
7 30 2975
8 1 4045
8 2 5740
8 3 3958
8 4 5095
8 5 3834
8 6 5027
8 7 4866
8 9 7432
8 10 966
8 11 5004
8 12 11521
8 13 6030
8 14 5573
8 15 5617
8 16 5844
8 17 6563
8 18 3623
8 19 5154
8 20 4920
8 21 4756
8 22 6041
8 23 4542
8 24 4244
8 25 5378
8 26 3693
8 27 5280
8 28 4517
8 29 4362
8 30 4955
9 1 3361
9 2 2548
9 3 3470
9 4 2678
9 5 3735
9 6 3368
9 7 2600
9 8 7407
9 10 6676
9 11 2987
9 12 5860
9 13 2283
9 14 4019
9 15 1922
9 16 2215
9 17 2415
9 18 3796
9 19 2384
9 20 2625
9 21 2812
9 22 12113
9 23 4739
9 24 3180
9 25 3062
9 26 3791
9 27 2181
9 28 2886
9 29 3339
9 30 4213
10 1 3345
10 2 5039
10 3 3257
10 4 4395
10 5 3134
10 6 4327
10 7 4166
10 8 988
10 9 6732
10 11 4304
10 12 10821
10 13 5330
10 14 4873
10 15 4917
10 16 5144
10 17 5862
10 18 2923
10 19 4453
10 20 4220
10 21 4055
10 22 6525
10 23 3887
10 24 3543
10 25 4678
10 26 2993
10 27 4580
10 28 3817
10 29 3662
10 30 4300
11 1 1168
11 2 1086
11 3 1279
11 4 340
11 5 1605
11 6 367
11 7 498
11 8 5019
11 9 3147
11 10 4288
11 12 6643
11 13 1215
11 14 1150
11 15 1462
11 16 2408
11 17 2912
11 18 1828
11 19 705
11 20 1646
11 21 1690
11 22 9353
11 23 3839
11 24 1183
11 25 500
11 26 2092
11 27 1156
11 28 1010
11 29 2149
11 30 3372
12 1 7436
12 2 6161
12 3 7547
12 4 6571
12 5 7873
12 6 6428
12 7 6887
12 8 11287
12 9 5774
12 10 10556
12 11 6394
12 13 5834
12 14 6751
12 15 6778
12 16 7887
12 17 8086
12 18 8095
12 19 6740
12 20 7445
12 21 7605
12 22 15337
12 23 10037
12 24 7482
12 25 5881
12 26 8464
12 27 6839
12 28 7329
12 29 8199
12 30 9552
13 1 1921
13 2 373
13 3 2073
13 4 883
13 5 2368
13 6 1297
13 7 1098
13 8 5821
13 9 2252
13 10 5090
13 11 1061
13 12 5909
13 14 1948
13 15 1300
13 16 2561
13 17 2910
13 18 2487
13 19 951
13 20 1881
13 21 2067
13 22 10265
13 23 4422
13 24 1835
13 25 992
13 26 2675
13 27 1301
13 28 1643
13 29 2636
13 30 3955
14 1 2243
14 2 2183
14 3 2258
14 4 1581
14 5 2621
14 6 1206
14 7 1866
14 8 5799
14 9 4374
14 10 5068
14 11 1365
14 12 7198
14 13 2313
14 15 2703
14 16 3705
14 17 4152
14 18 2900
14 19 1946
14 20 2965
14 21 3045
14 22 9267
14 23 5049
14 24 2393
14 25 1347
14 26 3302
14 27 2453
14 28 2295
14 29 3359
14 30 4582
15 1 1591
15 2 1033
15 3 1701
15 4 1108
15 5 1966
15 6 1657
15 7 910
15 8 5621
15 9 1966
15 10 4890
15 11 1338
15 12 6897
15 13 1355
15 14 2364
15 16 1246
15 17 1612
15 18 2009
15 19 715
15 20 830
15 21 1043
15 22 10343
15 23 3311
15 24 1411
15 25 1494
15 26 2092
15 27 310
15 28 1117
15 29 1584
15 30 2826
16 1 2076
16 2 2213
16 3 2186
16 4 2035
16 5 2358
16 6 2584
16 7 1747
16 8 5668
16 9 2180
16 10 4937
16 11 2210
16 12 7962
16 13 2536
16 14 3291
16 15 1169
16 17 774
16 18 2182
16 19 1673
16 20 1020
16 21 1220
16 22 10918
16 23 2524
16 24 1890
16 25 2604
16 26 2036
16 27 1147
16 28 1795
16 29 1522
16 30 1998
17 1 2759
17 2 2501
17 3 2868
17 4 2443
17 5 3073
17 6 2992
17 7 2245
17 8 6382
17 9 2336
17 10 5651
17 11 2673
17 12 8118
17 13 2823
17 14 3700
17 15 1498
17 16 736
17 18 2896
17 19 2051
17 20 1702
17 21 1934
17 22 11600
17 23 2900
17 24 2572
17 25 2963
17 26 2714
17 27 1646
17 28 2452
17 29 2237
17 30 2326
18 1 789
18 2 2332
18 3 723
18 4 1688
18 5 295
18 6 1882
18 7 1459
18 8 3663
18 9 3932
18 10 2932
18 11 1804
18 12 8321
18 13 2623
18 14 2770
18 15 2117
18 16 2394
18 17 3112
18 19 1695
18 20 1469
18 21 1305
18 22 8990
18 23 2434
18 24 751
18 25 2178
18 26 497
18 27 1780
18 28 1078
18 29 912
18 30 1967
19 1 1194
19 2 761
19 3 1307
19 4 419
19 5 1568
19 6 968
19 7 350
19 8 5227
19 9 2494
19 10 4496
19 11 649
19 12 6926
19 13 1069
19 14 1676
19 15 785
19 16 1819
19 17 2234
19 18 1668
19 20 1120
19 21 1226
19 22 9936
19 23 3498
19 24 1013
19 25 988
19 26 1751
19 27 577
19 28 719
19 29 1808
19 30 3031
20 1 1112
20 2 1587
20 3 1222
20 4 1373
20 5 1267
20 6 1873
20 7 1085
20 8 4805
20 9 2639
20 10 4074
20 11 1495
20 12 7525
20 13 1910
20 14 2630
20 15 804
20 16 1071
20 17 1790
20 18 1319
20 19 1055
20 21 224
20 22 9954
20 23 2745
20 24 913
20 25 1942
20 26 1206
20 27 565
20 28 884
20 29 845
20 30 2260
21 1 1025
21 2 1749
21 3 1134
21 4 1425
21 5 1167
21 6 1785
21 7 1065
21 8 4617
21 9 2797
21 10 3886
21 11 1512
21 12 7671
21 13 2072
21 14 2671
21 15 994
21 16 1253
21 17 1971
21 18 1131
21 19 1107
21 20 201
21 22 9866
21 23 2530
21 24 825
21 25 1994
21 26 1018
21 27 725
21 28 830
21 29 620
21 30 2061
22 1 8629
22 2 9938
22 3 8607
22 4 9274
22 5 8484
22 6 8843
22 7 9253
22 8 5691
22 9 11895
22 10 6188
22 11 9002
22 12 15236
22 13 10068
22 14 8704
22 15 10080
22 16 10727
22 17 11446
22 18 8584
22 19 9639
22 20 9716
22 21 9652
22 23 9816
22 24 8894
22 25 9093
22 26 8654
22 27 9743
22 28 9067
22 29 9323
22 30 10214
23 1 3016
23 2 4289
23 3 2949
23 4 3715
23 5 2604
23 6 3955
23 7 3483
23 8 4552
23 9 4895
23 10 3872
23 11 3832
23 12 10264
23 13 4598
23 14 4841
23 15 3430
23 16 2715
23 17 3121
23 18 2428
23 19 3555
23 20 2892
23 21 2741
23 22 10176
23 24 2855
23 25 4251
23 26 2046
23 27 3304
23 28 3073
23 29 2090
23 30 783
24 1 290
24 2 1627
24 3 365
24 4 983
24 5 580
24 6 1223
24 7 754
24 8 4289
24 9 3266
24 10 3558
24 11 1100
24 12 7662
24 13 1918
24 14 2109
24 15 1451
24 16 2006
24 17 2725
24 18 699
24 19 988
24 20 981
24 21 917
24 22 9142
24 23 2777
24 25 1519
24 26 1030
24 27 1114
24 28 351
24 29 1087
24 30 2310
25 1 1554
25 2 1042
25 3 1666
25 4 690
25 5 1992
25 6 547
25 7 975
25 8 5406
25 9 3233
25 10 4675
25 11 513
25 12 6143
25 13 1172
25 14 1143
25 15 1632
25 16 2814
25 17 3242
25 18 2214
25 19 1055
25 20 2074
25 21 2180
25 22 9456
25 23 4257
25 24 1601
25 26 2510
25 27 1562
25 28 1448
25 29 2567
25 30 3790
26 1 1119
26 2 2524
26 3 1075
26 4 1950
26 5 647
26 6 2190
26 7 1718
26 8 3702
26 9 3917
26 10 2971
26 11 2067
26 12 8689
26 13 2833
26 14 3076
26 15 2212
26 16 2217
26 17 2932
26 18 471
26 19 1790
26 20 1323
26 21 1159
26 22 9029
26 23 2027
26 24 1090
26 25 2486
26 27 1875
26 28 1308
26 29 687
26 30 1560
27 1 1281
27 2 1062
27 3 1390
27 4 887
27 5 1656
27 6 1436
27 7 599
27 8 5327
27 9 2248
27 10 4596
27 11 1062
27 12 6984
27 13 1384
27 14 2144
27 15 337
27 16 1252
27 17 1787
27 18 1716
27 19 535
27 20 618
27 21 803
27 22 10033
27 23 3210
27 24 1100
27 25 1456
27 26 1798
27 28 806
27 29 1372
27 30 2725
28 1 493
28 2 1389
28 3 602
28 4 771
28 5 867
28 6 1085
28 7 532
28 8 4526
28 9 2933
28 10 3795
28 11 888
28 12 7460
28 13 1698
28 14 1969
28 15 1118
28 16 1870
28 17 2568
28 18 986
28 19 655
28 20 920
28 21 891
28 22 9335
28 23 2960
28 24 312
28 25 1317
28 26 1213
28 27 781
28 29 1270
28 30 2493
29 1 1188
29 2 2335
29 3 1121
29 4 1877
29 5 928
29 6 2117
29 7 1645
29 8 4238
29 9 3341
29 10 3507
29 11 1994
29 12 8273
29 13 2658
29 14 3002
29 15 1552
29 16 1567
29 17 2286
29 18 752
29 19 1716
29 20 844
29 21 644
29 22 9565
29 23 1934
29 24 1016
29 25 2413
29 26 555
29 27 1313
29 28 1235
29 30 1449
30 1 2386
30 2 3659
30 3 2319
30 4 3085
30 5 1974
30 6 3325
30 7 2853
30 8 4805
30 9 4214
30 10 4125
30 11 3202
30 12 9616
30 13 3968
30 14 4211
30 15 2782
30 16 2034
30 17 2391
30 18 1798
30 19 2925
30 20 2261
30 21 2060
30 22 10445
30 23 644
30 24 2225
30 25 3621
30 26 1416
30 27 2656
30 28 2443
30 29 1442
