1 2 2202
1 3 2102
1 4 604
1 5 2422
1 6 2952
1 7 724
1 8 797
1 9 786
1 10 4249
1 11 4497
1 12 4358
1 13 1696
1 14 1998
1 15 2619
1 16 1791
1 17 2113
1 18 1785
1 19 2032
1 21 1912
1 22 1648
1 23 4010
1 24 4015
1 25 3486
1 26 2469
1 27 2152
1 28 2467
1 29 2107
1 31 3629
1 32 2776
1 33 2276
1 35 2439
1 36 7680
1 37 2073
1 38 1526
1 39 2877
2 1 2406
2 3 1519
2 4 2174
2 5 1314
2 6 1778
2 7 1986
2 8 2761
2 9 2750
2 10 2789
2 11 3328
2 12 3009
2 13 1211
2 14 883
2 15 1367
2 16 1153
2 17 1685
2 18 1146
2 19 1739
2 21 547
2 22 730
2 23 2770
2 24 2851
2 25 4346
2 26 404
2 27 295
2 28 1744
2 29 661
2 31 2098
2 32 2225
2 33 1350
2 35 1874
2 36 7691
2 37 958
2 38 940
2 39 2237
3 1 2291
3 2 1528
3 4 2059
3 5 832
3 6 1349
3 7 1871
3 8 2646
3 9 2635
3 10 2659
3 11 2782
3 12 2768
3 13 404
3 14 1364
3 15 1235
3 16 1840
3 17 2372
3 18 1834
3 19 2384
3 21 1341
3 22 1417
3 23 2421
3 24 2411
3 25 2990
3 26 1817
3 27 1296
3 28 575
3 29 945
3 31 3082
3 32 683
3 33 430
3 35 508
3 36 8399
3 37 1440
3 38 559
3 39 1446
4 1 1043
4 2 2120
4 3 2020
4 5 2339
4 6 2870
4 7 596
4 8 941
4 9 930
4 10 4166
4 11 4414
4 12 4275
4 13 1614
4 14 1915
4 15 2536
4 16 1752
4 17 2030
4 18 1732
4 19 1950
4 21 1906
4 22 1642
4 23 3928
4 24 3932
4 25 3729
4 26 2387
4 27 2069
4 28 2384
4 29 2025
4 31 3614
4 32 2633
4 33 2193
4 35 2357
4 36 7566
4 37 1991
4 38 1443
4 39 3121
5 1 2632
5 2 1316
5 3 825
5 4 2400
5 6 635
5 7 2212
5 8 2987
5 9 2976
5 10 1946
5 11 2174
5 12 2054
5 13 892
5 14 1749
5 15 522
5 16 2203
5 17 2735
5 18 2196
5 19 2724
5 21 1676
5 22 1780
5 23 1707
5 24 1697
5 25 3047
5 26 1791
5 27 1248
5 28 682
5 29 873
5 31 3370
5 32 1162
5 33 357
5 35 1163
5 36 8734
5 37 1824
5 38 894
5 39 939
6 1 3164
6 2 1792
6 3 1348
6 4 2932
6 5 641
6 7 2744
6 8 3489
6 9 3479
6 10 1340
6 11 1528
6 12 1420
6 13 1415
6 14 2281
6 15 444
6 16 2703
6 17 3235
6 18 2697
6 19 3257
6 21 2122
6 22 2280
6 23 1102
6 24 1051
6 25 3127
6 26 2087
6 27 1694
6 28 1198
6 29 1318
6 31 3720
6 32 1568
6 33 950
6 35 1775
6 36 9262
6 37 2357
6 38 1426
6 39 824
7 1 512
7 2 1941
7 3 1842
7 4 660
7 5 2161
7 6 2692
7 8 966
7 9 1014
7 10 3988
7 11 4236
7 12 4097
7 13 1436
7 14 1737
7 15 2358
7 16 1573
7 17 1740
7 18 1554
7 19 1772
7 21 1728
7 22 1464
7 23 3750
7 24 3754
7 25 3944
7 26 2209
7 27 1891
7 28 2206
7 29 1846
7 31 3435
7 32 2455
7 33 2015
7 35 2179
7 36 7239
7 37 1813
7 38 1265
7 39 2902
8 1 780
8 2 2597
8 3 2497
8 4 883
8 5 2817
8 6 3353
8 7 774
8 9 51
8 10 4700
8 11 4470
8 12 4559
8 13 2092
8 14 2393
8 15 3014
8 16 2186
8 17 2379
8 18 2180
8 19 2428
8 21 2308
8 22 2044
8 23 4359
8 24 4078
8 25 3284
8 26 2864
8 27 2547
8 28 2798
8 29 2502
8 31 4024
8 32 2582
8 33 2671
8 35 2837
8 36 7758
8 37 2469
8 38 1921
8 39 2683
9 1 839
9 2 2597
9 3 2497
9 4 883
9 5 2817
9 6 3353
9 7 833
9 8 61
9 10 4700
9 11 4470
9 12 4559
9 13 2092
9 14 2393
9 15 3014
9 16 2186
9 17 2438
9 18 2180
9 19 2428
9 21 2307
9 22 2044
9 23 4359
9 24 4078
9 25 3284
9 26 2864
9 27 2547
9 28 2798
9 29 2502
9 31 4024
9 32 2582
9 33 2671
9 35 2837
9 36 7817
9 37 2469
9 38 1921
9 39 2683
10 1 4466
10 2 2796
10 3 2651
10 4 4234
10 5 1944
10 6 1330
10 7 4047
10 8 4781
10 9 4771
10 11 603
10 12 251
10 13 2719
10 14 3369
10 15 1690
10 16 3767
10 17 4299
10 18 3761
10 19 4354
10 21 3186
10 22 3344
10 23 411
10 24 645
10 25 3802
10 26 2996
10 27 2758
10 28 2530
10 29 2349
10 31 4546
10 32 2900
10 33 2253
10 35 3122
10 36 10326
10 37 3445
10 38 2728
10 39 2028
11 1 4696
11 2 3325
11 3 2774
11 4 4464
11 5 2167
11 6 1510
11 7 4276
11 8 4595
11 9 4584
11 10 595
11 12 432
11 13 2961
11 14 3813
11 15 1937
11 16 4236
11 17 4767
11 18 4229
11 19 4788
11 21 3654
11 22 3812
11 23 569
11 24 506
11 25 3547
11 26 3603
11 27 3226
11 28 2298
11 29 2851
11 31 5153
11 32 2668
11 33 2331
11 35 3024
11 36 10795
11 37 3888
11 38 2957
11 39 1821
12 1 4565
12 2 3015
12 3 2761
12 4 4333
12 5 2054
12 6 1463
12 7 4146
12 8 4689
12 9 4679
12 10 251
12 11 442
12 13 2831
12 14 3588
12 15 1823
12 16 3986
12 17 4518
12 18 3980
12 19 4573
12 21 3405
12 22 3563
12 23 419
12 24 484
12 25 3641
12 26 3215
12 27 2977
12 28 2393
12 29 2568
12 31 4765
12 32 2763
12 33 2340
12 35 3119
12 36 10545
12 37 3664
12 38 2827
12 39 1915
13 1 1884
13 2 1219
13 3 403
13 4 1652
13 5 901
13 6 1418
13 7 1465
13 8 2239
13 9 2229
13 10 2729
13 11 2957
13 12 2838
13 14 961
13 15 1133
13 16 1437
13 17 1969
13 18 1431
13 19 1977
13 21 1028
13 22 1014
13 23 2491
13 24 2480
13 25 3409
13 26 1486
13 27 1129
13 28 867
13 29 778
13 31 2653
13 32 1018
13 33 705
13 35 742
13 36 7996
13 37 1037
13 38 287
13 39 1643
14 1 2060
14 2 770
14 3 1246
14 4 1828
14 5 1633
14 6 2163
14 7 1640
14 8 2415
14 9 2404
14 10 3258
14 11 3707
14 12 3478
14 13 836
14 15 1772
14 16 782
14 17 1314
14 18 775
14 19 1368
14 21 372
14 22 359
14 23 3175
14 24 3225
14 25 4177
14 26 1033
14 27 732
14 28 1678
14 29 1044
14 31 1952
14 32 1787
14 33 1487
14 35 1510
14 36 7341
14 37 76
14 38 736
14 39 2373
15 1 2830
15 2 1376
15 3 1233
15 4 2598
15 5 526
15 6 443
15 7 2410
15 8 3185
15 9 3174
15 10 1717
15 11 1946
15 12 1848
15 13 1130
15 14 1889
15 16 2287
15 17 2819
15 18 2280
15 19 2873
15 21 1706
15 22 1864
15 23 1478
15 24 1469
15 25 3231
15 26 1685
15 27 1277
15 28 1113
15 29 902
15 31 3308
15 32 1483
15 33 835
15 35 1685
15 36 8846
15 37 1964
15 38 1092
15 39 928
16 1 1986
16 2 1108
16 3 1788
16 4 1754
16 5 2150
16 6 2642
16 7 1566
16 8 2273
16 9 2263
16 10 3717
16 11 4192
16 12 3937
16 13 1379
16 14 848
16 15 2231
16 17 851
16 18 346
16 19 906
16 21 668
16 22 404
16 23 3634
16 24 3715
16 25 4801
16 26 1371
16 27 1071
16 28 2195
16 29 1502
16 31 2263
16 32 2372
16 33 2004
16 35 2096
16 36 6791
16 37 924
16 38 1254
16 39 2891
17 1 1687
17 2 1494
17 3 2174
17 4 1782
17 5 2535
17 6 3027
17 7 1487
17 8 2183
17 9 2232
17 10 4102
17 11 4577
17 12 4322
17 13 1764
17 14 1233
17 15 2616
17 16 633
17 18 518
17 19 156
17 21 1053
17 22 789
17 23 4019
17 24 4100
17 25 5038
17 26 1757
17 27 1456
17 28 2580
17 29 1888
17 31 2783
17 32 2757
17 33 2389
17 35 2481
17 36 6928
17 37 1309
17 38 1639
17 39 3276
18 1 1937
18 2 1072
18 3 1752
18 4 1705
18 5 2113
18 6 2605
18 7 1518
18 8 2236
18 9 2226
18 10 3680
18 11 4155
18 12 3900
18 13 1342
18 14 811
18 15 2194
18 16 314
18 17 625
18 19 655
18 21 631
18 22 367
18 23 3597
18 24 3678
18 25 4764
18 26 1335
18 27 1034
18 28 2158
18 29 1466
18 31 2361
18 32 2335
18 33 1967
18 35 2059
18 36 6955
18 37 887
18 38 1217
18 39 2854
19 1 1826
19 2 1530
19 3 2156
19 4 1762
19 5 2476
19 6 3007
19 7 1574
19 8 2349
19 9 2339
19 10 4139
19 11 4551
19 12 4359
19 13 1751
19 14 1270
19 15 2653
19 16 688
19 17 138
19 18 546
19 21 1089
19 22 826
19 23 4056
19 24 4069
19 25 4951
19 26 1793
19 27 1493
19 28 2521
19 29 1924
19 31 2819
19 32 2770
19 33 2330
19 35 2493
19 36 7067
19 37 1346
19 38 1580
19 39 3217
21 1 2179
21 2 539
21 3 1334
21 4 1947
21 5 1676
21 6 2110
21 7 1759
21 8 2443
21 9 2432
21 10 3186
21 11 3661
21 12 3406
21 13 1017
21 14 487
21 15 1700
21 16 716
21 17 1248
21 18 709
21 19 1302
21 22 293
21 23 3102
21 24 3184
21 25 4318
21 26 641
21 27 540
21 28 1716
21 29 971
21 31 1732
21 32 2011
21 33 1529
21 35 1734
21 36 7218
21 37 562
21 38 775
21 39 2416
22 1 1886
22 2 705
22 3 1385
22 4 1654
22 5 1747
22 6 2238
22 7 1466
22 8 2150
22 9 2139
22 10 3313
22 11 3788
22 12 3533
22 13 975
22 14 445
22 15 1827
22 16 423
22 17 955
22 18 417
22 19 1010
22 21 264
22 23 3230
22 24 3311
22 25 4359
22 26 968
22 27 667
22 28 1792
22 29 1099
22 31 1994
22 32 1968
22 33 1600
22 35 1692
22 36 6977
22 37 520
22 38 850
22 39 2487
23 1 4231
23 2 2773
23 3 2415
23 4 3999
23 5 1709
23 6 1095
23 7 3811
23 8 4490
23 9 4479
23 10 414
23 11 582
23 12 421
23 13 2484
23 14 3286
23 15 1455
23 16 3684
23 17 4216
23 18 3678
23 19 4271
23 21 3103
23 22 3261
23 24 284
23 25 3442
23 26 2987
23 27 2675
23 28 2193
23 29 2299
23 31 4537
23 32 2563
23 33 2013
23 35 2817
23 36 10243
23 37 3362
23 38 2493
23 39 1716
24 1 4220
24 2 2855
24 3 2403
24 4 3988
24 5 1697
24 6 1041
24 7 3800
24 8 4205
24 9 4195
24 10 647
24 11 509
24 12 481
24 13 2471
24 14 3337
24 15 1467
24 16 3766
24 17 4298
24 18 3760
24 19 4313
24 21 3185
24 22 3343
24 23 281
24 25 3158
24 26 3133
24 27 2757
24 28 1909
24 29 2381
24 31 4683
24 32 2279
24 33 1938
24 35 2635
24 36 10325
24 37 3413
24 38 2482
24 39 1431
25 1 4240
25 2 4369
25 3 2979
25 4 3728
25 5 3072
25 6 3138
25 7 3997
25 8 3432
25 9 3421
25 10 3800
25 11 3544
25 12 3633
25 13 3394
25 14 4299
25 15 3240
25 16 4866
25 17 5266
25 18 4860
25 19 5185
25 21 4325
25 22 4395
25 23 3434
25 24 3152
25 26 4679
25 27 4137
25 28 2617
25 29 3761
25 31 5997
25 32 2396
25 33 3047
25 35 2651
25 36 10930
25 37 4374
25 38 3543
25 39 2468
26 1 2688
26 2 407
26 3 1820
26 4 2456
26 5 1802
26 6 2104
26 7 2268
26 8 3043
26 9 3032
26 10 3005
26 11 3621
26 12 3225
26 13 1494
26 14 1159
26 15 1699
26 16 1431
26 17 1963
26 18 1425
26 19 2018
26 21 649
26 22 1008
26 23 2998
26 24 3144
26 25 4673
26 27 621
26 28 2045
26 29 1097
26 31 1686
26 32 2527
26 33 1678
26 35 2156
26 36 7920
26 37 1235
26 38 1223
26 39 2565
27 1 2356
27 2 300
27 3 1289
27 4 2124
27 5 1246
27 6 1681
27 7 1937
27 8 2711
27 9 2701
27 10 2756
27 11 3231
27 12 2976
27 13 1117
27 14 849
27 15 1270
27 16 1120
27 17 1651
27 18 1113
27 19 1706
27 21 538
27 22 696
27 23 2673
27 24 2754
27 25 4116
27 26 610
27 28 1513
27 29 542
27 31 2220
27 32 1995
27 33 1120
27 35 1784
27 36 7679
27 37 925
27 38 876
27 39 2007
28 1 2663
28 2 1742
28 3 567
28 4 2431
28 5 680
28 6 1191
28 7 2243
28 8 2930
28 9 2920
28 10 2535
28 11 2305
28 12 2394
28 13 857
28 14 1780
28 15 1109
28 16 2234
28 17 2766
28 18 2227
28 19 2755
28 21 1707
28 22 1811
28 23 2194
28 24 1913
28 25 2601
28 26 2031
28 27 1509
28 29 1159
28 31 3439
28 32 508
28 33 453
28 35 854
28 36 8765
28 37 1855
28 38 925
28 39 871
29 1 2322
29 2 668
29 3 944
29 4 2090
29 5 878
29 6 1313
29 7 1903
29 8 2677
29 9 2667
29 10 2361
29 11 2863
29 12 2581
29 13 772
29 14 1160
29 15 902
29 16 1559
29 17 2090
29 18 1552
29 19 2145
29 21 977
29 22 1135
29 23 2305
29 24 2386
29 25 3748
29 26 1092
29 27 549
29 28 1168
29 31 2671
29 32 1650
29 33 752
29 35 1439
29 36 8118
29 37 1236
29 38 710
29 39 1639
31 1 3869
31 2 2109
31 3 3054
31 4 3637
31 5 3360
31 6 3740
31 7 3449
31 8 4149
31 9 4138
31 10 4564
31 11 5180
31 12 4784
31 13 2640
31 14 2063
31 15 3327
31 16 2324
31 17 2963
31 18 2425
31 19 3017
31 21 1717
31 22 2008
31 23 4556
31 24 4702
31 25 5986
31 26 1695
31 27 2210
31 28 3433
31 29 2655
31 32 3596
31 33 3213
31 35 3319
31 36 7510
31 37 2138
31 38 2492
31 39 4099
32 1 2932
32 2 2244
32 3 695
32 4 2700
32 5 1179
32 6 1577
32 7 2512
32 8 2735
32 9 2725
32 10 2922
32 11 2691
32 12 2780
32 13 1046
32 14 1952
32 15 1495
32 16 2471
32 17 3002
32 18 2464
32 19 3024
32 21 2061
32 22 2048
32 23 2580
32 24 2299
32 25 2402
32 26 2533
32 27 2011
32 28 521
32 29 1661
32 31 3650
32 33 981
32 35 542
32 36 9030
32 37 2027
32 38 1295
32 39 1130
33 1 2480
33 2 1349
33 3 430
33 4 2247
33 5 355
33 6 939
33 7 2060
33 8 2834
33 9 2824
33 10 2249
33 11 2336
33 12 2340
33 13 703
33 14 1596
33 15 826
33 16 2051
33 17 2582
33 18 2044
33 19 2572
33 21 1530
33 22 1627
33 23 2014
33 24 1940
33 25 3033
33 26 1659
33 27 1116
33 28 457
33 29 741
33 31 3224
33 32 965
33 35 858
33 36 8582
33 37 1672
33 38 741
33 39 1002
35 1 2628
35 2 1880
35 3 517
35 4 2396
35 5 1181
35 6 1784
35 7 2208
35 8 3001
35 9 2990
35 10 3139
35 11 3059
35 12 3160
35 13 742
35 14 1647
35 15 1737
35 16 2167
35 17 2698
35 18 2160
35 19 2720
35 21 1757
35 22 1743
35 23 2834
35 24 2668
35 25 2667
35 26 2147
35 27 1791
35 28 878
35 29 1441
35 31 3346
35 32 552
35 33 867
35 36 8726
35 37 1723
35 38 991
35 39 1395
36 1 7182
36 2 7382
36 3 8101
36 4 7322
36 5 8432
36 6 8954
36 7 7023
36 8 7549
36 9 7598
36 10 10029
36 11 10504
36 12 10249
36 13 7695
36 14 7160
36 15 8543
36 16 6536
36 17 6903
36 18 6745
36 19 7059
36 21 6923
36 22 6710
36 23 9946
36 24 10027
36 25 10643
36 26 7610
36 27 7383
36 28 8477
36 29 7815
36 31 7206
36 32 8684
36 33 8286
36 35 8408
36 37 7236
36 38 7536
36 39 9173
37 1 2135
37 2 846
37 3 1322
37 4 1903
37 5 1708
37 6 2239
37 7 1716
37 8 2490
37 9 2480
37 10 3334
37 11 3783
37 12 3554
37 13 912
37 14 76
37 15 1848
37 16 857
37 17 1389
37 18 851
37 19 1444
37 21 448
37 22 434
37 23 3251
37 24 3301
37 25 4253
37 26 1109
37 27 808
37 28 1753
37 29 1119
37 31 2027
37 32 1862
37 33 1562
37 35 1586
37 36 7416
37 38 812
37 39 2449
38 1 1738
38 2 947
38 3 560
38 4 1506
38 5 896
38 6 1427
38 7 1318
38 8 2093
38 9 2083
38 10 2723
38 11 2971
38 12 2832
38 13 293
38 14 855
38 15 1093
38 16 1309
38 17 1841
38 18 1303
38 19 1831
38 21 782
38 22 886
38 23 2485
38 24 2489
38 25 3544
38 26 1214
38 27 879
38 28 941
38 29 715
38 31 2514
38 32 1271
38 33 750
38 35 995
38 36 7840
38 37 931
38 39 1637
39 1 3374
39 2 2243
39 3 1450
39 4 3110
39 5 946
39 6 816
39 7 2954
39 8 2814
39 9 2803
39 10 2050
39 11 1821
39 12 1910
39 13 1640
39 14 2491
39 15 922
39 16 2945
39 17 3477
39 18 2939
39 19 3466
39 21 2425
39 22 2522
39 23 1710
39 24 1429
39 25 2451
39 26 2553
39 27 2011
39 28 878
39 29 1635
39 31 4118
39 32 1118
39 33 1010
39 35 1374
39 36 9476
39 37 2567
39 38 1636
