1 2 2708
1 3 2037
1 4 623
1 6 1560
1 7 497
1 8 386
1 9 8647
1 10 3049
1 11 2468
1 12 27126
1 13 4199
1 14 2611
1 15 1880
1 16 526
1 17 2583
1 18 4878
1 19 1581
1 20 6046
1 21 1412
1 22 994
1 23 1104
1 24 636
1 25 2218
1 26 9841
1 27 2739
1 28 1107
1 29 2260
1 30 311
2 1 2692
2 3 4603
2 4 2047
2 6 3221
2 7 3095
2 8 2306
2 9 11217
2 10 5619
2 11 4477
2 12 29696
2 13 5237
2 14 271
2 15 4210
2 16 2331
2 17 156
2 18 2248
2 19 3911
2 20 3688
2 21 3978
2 22 3435
2 23 3737
2 24 2391
2 25 2966
2 26 9060
2 27 4882
2 28 3673
2 29 4206
2 30 2801
3 1 1883
3 2 4511
3 4 2490
3 6 1380
3 7 1404
3 8 2187
3 9 6730
3 10 1294
3 11 1251
3 12 26164
3 13 2953
3 14 4408
3 15 3523
3 16 2232
3 17 4385
3 18 5864
3 19 3224
3 20 5925
3 21 653
3 22 1296
3 23 811
3 24 2460
3 25 1649
3 26 8452
3 27 1241
3 28 989
3 29 1001
3 30 1722
4 1 611
4 2 2048
4 3 2581
4 6 1418
4 7 1065
4 8 244
4 9 9193
4 10 3595
4 11 2734
4 12 27672
4 13 3911
4 14 1951
4 15 2448
4 16 269
4 17 1923
4 18 4185
4 19 2149
4 20 5416
4 21 1956
4 22 1458
4 23 1672
4 24 638
4 25 1705
4 26 9679
4 27 3139
4 28 1675
4 29 2452
4 30 757
6 1 1468
6 2 3148
6 3 1400
6 4 1349
6 7 1519
6 8 1254
6 9 8112
6 10 2590
6 11 1395
6 12 27164
6 13 2802
6 14 3046
6 15 3350
6 16 1248
6 17 3023
6 18 4539
6 19 3051
6 20 5024
6 21 836
6 22 1138
6 23 952
6 24 1771
6 25 680
6 26 8561
6 27 1800
6 28 855
6 29 1125
6 30 1499
7 1 463
7 2 3098
7 3 1499
7 4 1069
7 6 1597
7 8 767
7 9 8153
7 10 2555
7 11 2452
7 12 26632
7 13 4169
7 14 3001
7 15 2119
7 16 812
7 17 2973
7 18 4955
7 19 1820
7 20 6080
7 21 874
7 22 877
7 23 739
7 24 1056
7 25 2255
7 26 9671
7 27 2449
7 28 808
7 29 2183
7 30 302
8 1 367
8 2 2299
8 3 2279
8 4 237
8 6 1324
8 7 764
8 9 8891
8 10 3293
8 11 2524
8 12 27371
8 13 3989
8 14 2202
8 15 2251
8 16 79
8 17 2174
8 18 4493
8 19 1952
8 20 5618
8 21 1654
8 22 1214
8 23 1370
8 24 486
8 25 1886
8 26 9748
8 27 3005
8 28 1373
8 29 2328
8 30 455
9 1 8436
9 2 11065
9 3 6664
9 4 9042
9 6 8013
9 7 7998
9 8 8740
9 10 5625
9 11 6866
9 12 23467
9 13 6881
9 14 10968
9 15 10034
9 16 8785
9 17 10940
9 18 12525
9 19 9735
9 20 11980
9 21 7217
9 22 7929
9 23 7441
9 24 9009
9 25 8282
9 26 8916
9 27 6638
9 28 7623
9 29 7175
9 30 8275
10 1 2896
10 2 5525
10 3 1284
10 4 3502
10 6 2568
10 7 2458
10 8 3199
10 9 5729
10 11 2458
10 12 28723
10 13 3934
10 14 5427
10 15 4494
10 16 3244
10 17 5400
10 18 7148
10 19 4195
10 20 7209
10 21 1771
10 22 2480
10 23 1996
10 24 3468
10 25 2934
10 26 9344
10 27 2343
10 28 2174
10 29 2220
10 30 2734
11 1 2302
11 2 4326
11 3 1191
11 4 2615
11 6 1328
11 7 2271
11 8 2378
11 9 6876
11 10 2389
11 12 30003
11 13 1774
11 14 4224
11 15 4217
11 16 2440
11 17 4201
11 18 5595
11 19 3918
11 20 5277
11 21 1535
11 22 1944
11 23 1653
11 24 2641
11 25 1464
11 26 7351
11 27 383
11 28 1661
11 29 462
11 30 2366
12 1 26831
12 2 29460
12 3 29674
12 4 27438
12 6 27015
12 7 26393
12 8 27135
12 9 23422
12 10 28512
12 11 29878
12 13 29428
12 14 29363
12 15 28429
12 16 27180
12 17 29335
12 18 31080
12 19 28130
12 20 34991
12 21 26198
12 22 26641
12 23 26435
12 24 27404
12 25 27667
12 26 27402
12 27 29650
12 28 26507
12 29 30185
12 30 26670
13 1 3925
13 2 4906
13 3 2801
13 4 3646
13 6 2619
13 7 3908
13 8 3736
13 9 6727
13 10 3768
13 11 1676
13 12 29359
13 14 4804
13 15 5870
13 16 3730
13 17 4781
13 18 6017
13 19 5571
13 20 5472
13 21 3173
13 22 3598
13 23 3307
13 24 4253
13 25 2267
13 26 5930
13 27 1729
13 28 3314
13 29 2086
13 30 4019
14 1 2602
14 2 274
14 3 4511
14 4 1957
14 6 3129
14 7 3005
14 8 2216
14 9 11127
14 10 5529
14 11 4385
14 12 29606
14 13 5145
14 15 4137
14 16 2241
14 17 149
14 18 2421
14 19 3838
14 20 3860
14 21 3886
14 22 3345
14 23 3570
14 24 2318
14 25 2874
14 26 9092
14 27 4790
14 28 3581
14 29 4114
14 30 2711
15 1 1880
15 2 4226
15 3 3631
15 4 2467
15 6 3456
15 7 2138
15 8 2270
15 9 10231
15 10 4633
15 11 4415
15 12 28710
15 13 6145
15 14 4150
15 16 2410
15 17 4101
15 18 6388
15 19 305
15 20 7827
15 21 3004
15 22 2794
15 23 2762
15 24 1976
15 25 4114
15 26 11710
15 27 4412
15 28 2780
15 29 4144
15 30 2109
16 1 511
16 2 2328
16 3 2327
16 4 266
16 6 1321
16 7 811
16 8 82
16 9 8939
16 10 3341
16 11 2588
16 12 27418
16 13 3986
16 14 2231
16 15 2395
16 17 2203
16 18 4489
16 19 2096
16 20 5615
16 21 1702
16 22 1309
16 23 1418
16 24 602
16 25 1883
16 26 9745
16 27 3053
16 28 1421
16 29 2318
16 30 503
17 1 2572
17 2 161
17 3 4483
17 4 1927
17 6 3101
17 7 2976
17 8 2186
17 9 11097
17 10 5499
17 11 4357
17 12 29577
17 13 5117
17 14 151
17 15 4090
17 16 2211
17 18 2361
17 19 3791
17 20 3800
17 21 3858
17 22 3316
17 23 3617
17 24 2271
17 25 2846
17 26 9172
17 27 4762
17 28 3553
17 29 4086
17 30 2681
18 1 4848
18 2 2251
18 3 5987
18 4 4184
18 6 4607
18 7 4957
18 8 4495
18 9 12722
18 10 7245
18 11 5766
18 12 31319
18 13 6341
18 14 2427
18 15 6373
18 16 4489
18 17 2361
18 19 6074
18 20 1437
18 21 5370
18 22 4966
18 23 5184
18 24 4554
18 25 4352
18 26 9460
18 27 6232
18 28 5059
18 29 5570
18 30 4916
19 1 1581
19 2 3927
19 3 3332
19 4 2168
19 6 3157
19 7 1839
19 8 1971
19 9 9932
19 10 4334
19 11 4116
19 12 28411
19 13 5846
19 14 3851
19 15 309
19 16 2111
19 17 3802
19 18 6089
19 20 7528
19 21 2705
19 22 2495
19 23 2463
19 24 1677
19 25 3815
19 26 11411
19 27 4113
19 28 2481
19 29 3845
19 30 1810
20 1 6016
20 2 3621
20 3 5969
20 4 5392
20 6 5080
20 7 6056
20 8 5593
20 9 12083
20 10 7261
20 11 5370
20 12 35210
20 13 5702
20 14 3797
20 15 7743
20 16 5588
20 17 3731
20 18 1370
20 19 7444
20 21 5894
20 22 5865
20 23 6006
20 24 5924
20 25 4698
20 26 8738
20 27 5592
20 28 5803
20 29 5566
20 30 6015
21 1 1296
21 2 3934
21 3 691
21 4 1903
21 6 857
21 7 817
21 8 1600
21 9 7338
21 10 1816
21 11 1659
21 12 26367
21 13 3377
21 14 3831
21 15 2936
21 16 1645
21 17 3808
21 18 5330
21 19 2637
21 20 5859
21 22 709
21 23 237
21 24 1873
21 25 1496
21 26 8876
21 27 1657
21 28 402
21 29 1390
21 30 1135
22 1 971
22 2 3353
22 3 1381
22 4 1399
22 6 1214
22 7 872
22 8 1163
22 9 8093
22 10 2575
22 11 2118
22 12 26872
22 13 3848
22 14 3256
22 15 2750
22 16 1220
22 17 3228
22 18 4907
22 19 2451
22 20 5917
22 21 756
22 23 510
22 24 1394
22 25 1872
22 26 9413
22 27 2115
22 28 483
22 29 1847
22 30 783
23 1 1053
23 2 3715
23 3 893
23 4 1659
23 6 1016
23 7 724
23 8 1357
23 9 7605
23 10 2083
23 11 1821
23 12 26651
23 13 3551
23 14 3517
23 15 2743
23 16 1402
23 17 3590
23 18 5167
23 19 2444
23 20 6014
23 21 284
23 22 501
23 24 1654
23 25 1654
23 26 9065
23 27 1818
23 28 328
23 29 1550
23 30 892
24 1 643
24 2 2410
24 3 2576
24 4 660
24 6 1866
24 7 1077
24 8 512
24 9 9186
24 10 3588
24 11 2813
24 12 27665
24 13 4531
24 14 2334
24 15 1979
24 16 628
24 17 2285
24 18 4571
24 19 1680
24 20 6010
24 21 1951
24 22 1470
24 23 1676
24 25 2389
24 26 10186
24 27 3218
24 28 1694
24 29 2617
24 30 945
25 1 2102
25 2 2869
25 3 1648
25 4 1609
25 6 656
25 7 2153
25 8 1784
25 9 8354
25 10 2940
25 11 1521
25 12 27792
25 13 2430
25 14 2767
25 15 3984
25 16 1778
25 17 2744
25 18 4260
25 19 3685
25 20 4622
25 21 1454
25 22 1772
25 23 1566
25 24 2269
25 26 8212
25 27 1926
25 28 1489
25 29 1288
25 30 2133
26 1 9329
26 2 8545
26 3 8041
26 4 9210
26 6 8119
26 7 9150
26 8 9236
26 9 8586
26 10 8901
26 11 7007
26 12 27208
26 13 5727
26 14 8572
26 15 11189
26 16 9230
26 17 8655
26 18 8934
26 19 10890
26 20 8288
26 21 8412
26 22 8916
26 23 8557
26 24 9668
26 25 7794
26 27 7047
26 28 8633
26 29 7489
26 30 9338
27 1 2531
27 2 4713
27 3 1173
27 4 3001
27 6 1715
27 7 2273
27 8 2835
27 9 6632
27 10 2260
27 11 367
27 12 29759
27 13 1808
27 14 4610
27 15 4221
27 16 2880
27 17 4588
27 18 6027
27 19 3922
27 20 5482
27 21 1537
27 22 1948
27 23 1657
27 24 3027
27 25 1851
27 26 7374
27 28 1665
27 29 849
27 30 2370
28 1 1024
28 2 3633
28 3 1033
28 4 1631
28 6 889
28 7 752
28 8 1328
28 9 7745
28 10 2227
28 11 1793
28 12 26698
28 13 3523
28 14 3531
28 15 2714
28 16 1373
28 17 3508
28 18 5024
28 19 2415
28 20 5813
28 21 408
28 22 441
28 23 322
28 24 1625
28 25 1547
28 26 9088
28 27 1790
28 29 1522
28 30 863
29 1 2109
29 2 4065
29 3 971
29 4 2320
29 6 1058
29 7 2042
29 8 2197
29 9 7210
29 10 2181
29 11 483
29 12 30335
29 13 2212
29 14 3963
29 15 3988
29 16 2178
29 17 3940
29 18 5413
29 19 3689
29 20 5474
29 21 1306
29 22 1715
29 23 1424
29 24 2460
29 25 1247
29 26 7856
29 27 888
29 28 1432
29 30 2137
30 1 282
30 2 2806
30 3 1825
30 4 759
30 6 1492
30 7 309
30 8 465
30 9 8436
30 10 2838
30 11 2400
30 12 26916
30 13 4283
30 14 2709
30 15 2037
30 16 510
30 17 2681
30 18 4877
30 19 1738
30 20 6002
30 21 1199
30 22 806
30 23 915
30 24 967
30 25 2150
30 26 9848
30 27 2551
30 28 918
30 29 2282
