1 2 313
1 3 7441
1 4 6030
1 5 7542
1 6 7195
1 7 7087
1 8 8545
1 10 7301
1 11 5825
1 12 9208
1 15 7435
1 16 7482
1 18 7727
1 19 4578
1 20 5745
1 21 5844
1 22 6798
1 23 6509
1 24 5664
1 25 8486
1 26 369781
1 28 7655
2 1 329
2 3 7199
2 4 5787
2 5 7300
2 6 6953
2 7 6845
2 8 8303
2 10 7059
2 11 5583
2 12 8964
2 15 7193
2 16 7238
2 18 7485
2 19 4336
2 20 5502
2 21 5602
2 22 6556
2 23 6251
2 24 5422
2 25 8244
2 26 369537
2 28 7413
3 1 7421
3 2 7161
3 4 7819
3 5 5468
3 6 5990
3 7 4268
3 8 4425
3 10 435
3 11 4189
3 12 4247
3 15 1028
3 16 4218
3 18 4424
3 19 3390
3 20 2223
3 21 2688
3 22 880
3 23 1306
3 24 2804
3 25 7435
3 26 363239
3 28 5281
4 1 6080
4 2 5819
4 3 7895
4 5 6493
4 6 5952
4 7 6340
4 8 7991
4 10 7755
4 11 5263
4 12 11159
4 15 7889
4 16 9635
4 18 6993
4 19 4715
4 20 6143
4 21 5835
4 22 7252
4 23 6947
4 24 5655
4 25 6988
4 26 370564
4 28 6632
5 1 7531
5 2 7271
5 3 5490
5 4 6445
5 6 954
5 7 1340
5 8 3347
5 10 5350
5 11 2009
5 12 9227
5 15 5343
5 16 8202
5 18 1477
5 19 3780
5 20 3283
5 21 2833
5 22 4861
5 23 4177
5 24 3086
5 25 2133
5 26 367354
5 28 288
6 1 7173
6 2 6913
6 3 6012
6 4 5914
6 5 960
6 7 2001
6 8 4081
6 10 5872
6 11 2018
6 12 9704
6 15 5849
6 16 8460
6 18 2316
6 19 3545
6 20 3816
6 21 3354
6 22 5376
6 23 4707
6 24 3280
6 25 1615
6 26 368088
6 28 1230
7 1 7076
7 2 6816
7 3 4290
7 4 6299
7 5 1341
7 6 1986
7 8 2183
7 10 4150
7 11 1554
7 12 8027
7 15 4143
7 16 7232
7 18 753
7 19 3348
7 20 2595
7 21 2183
7 22 3661
7 23 2977
7 24 2360
7 25 3341
7 26 366190
7 28 1151
8 1 8418
8 2 8158
8 3 4351
8 4 7865
8 5 3290
8 6 4023
8 7 2154
8 10 4099
8 11 2817
8 12 7377
8 15 3463
8 16 7765
8 18 2036
8 19 4572
8 20 3438
8 21 3067
8 22 4230
8 23 3676
8 24 3259
8 25 5378
8 26 364661
8 28 3103
10 1 7281
10 2 7021
10 3 435
10 4 7679
10 5 5328
10 6 5850
10 7 4128
10 8 4122
10 11 4048
10 12 3921
10 15 725
10 16 3948
10 18 4284
10 19 3250
10 20 2083
10 21 2548
10 22 740
10 23 1166
10 24 2664
10 25 7295
10 26 362925
10 28 5141
11 1 5794
11 2 5534
11 3 4215
11 4 5231
11 5 2008
11 6 2012
11 7 1560
11 8 2901
11 10 4075
11 12 7885
11 15 4052
11 16 6493
11 18 2162
11 19 1949
11 20 2018
11 21 1604
11 22 3579
11 23 2909
11 24 1494
11 25 3398
11 26 366660
11 28 2123
12 1 9155
12 2 8895
12 3 4299
12 4 11094
12 5 9249
12 6 9679
12 7 8049
12 8 7410
12 10 3972
12 11 7864
12 15 4241
12 16 2182
12 18 8151
12 19 6815
12 20 5927
12 21 6386
12 22 4353
12 23 5044
12 24 6504
12 25 11124
12 26 360573
12 28 9062
15 1 7353
15 2 7093
15 3 971
15 4 7751
15 5 5291
15 6 5798
15 7 4091
15 8 3479
15 10 719
15 11 3996
15 12 4189
15 16 4350
15 18 4141
15 19 3321
15 20 2031
15 21 2495
15 22 812
15 23 1123
15 24 2612
15 25 7243
15 26 362806
15 28 5104
16 1 7446
16 2 7186
16 3 4253
16 4 9590
16 5 8192
16 6 8453
16 7 7226
16 8 7858
16 10 3983
16 11 6491
16 12 2214
16 15 4421
16 18 7708
16 19 5441
16 20 4932
16 21 5362
16 22 3724
16 23 4258
16 24 5436
16 25 9839
16 26 362526
16 28 8239
18 1 7705
18 2 7445
18 3 4422
18 4 6961
18 5 1449
18 6 2285
18 7 741
18 8 2071
18 10 4282
18 11 2142
18 12 8149
18 15 4200
18 16 7687
18 19 3977
18 20 3166
18 21 2779
18 22 4027
18 23 3432
18 24 2964
18 25 3604
18 26 366078
18 28 1241
19 1 4593
19 2 4332
19 3 3411
19 4 4700
19 5 3790
19 6 3549
19 7 3363
19 8 4669
19 10 3271
19 11 1949
19 12 6827
19 15 3405
19 16 5436
19 18 4003
19 20 1615
19 21 1655
19 22 2768
19 23 2410
19 24 1464
19 25 4877
19 26 366080
19 28 3905
20 1 5730
20 2 5470
20 3 2226
20 4 6128
20 5 3277
20 6 3801
20 7 2588
20 8 3521
20 10 2086
20 11 1999
20 12 5936
20 15 2063
20 16 4932
20 18 3176
20 19 1606
20 21 446
20 22 1590
20 23 907
20 24 558
20 25 5246
20 26 364781
20 28 3227
21 1 5837
21 2 5577
21 3 2698
21 4 5800
21 5 2830
21 6 3339
21 7 2183
21 8 3149
21 10 2562
21 11 1589
21 12 6408
21 15 2535
21 16 5369
21 18 2790
21 19 1654
21 20 453
21 22 2066
21 23 1375
21 24 208
21 25 4785
21 26 365253
21 28 2800
22 1 6796
22 2 6535
22 3 894
22 4 7194
22 5 4851
22 6 5367
22 7 3651
22 8 4250
22 10 754
22 11 3565
22 12 4372
22 15 888
22 16 3723
22 18 4043
22 19 2764
22 20 1600
22 21 2064
22 23 683
22 24 2181
22 25 6812
22 26 363563
22 28 4664
23 1 6499
23 2 6239
23 3 1322
23 4 6897
23 5 4168
23 6 4700
23 7 2968
23 8 3764
23 10 1182
23 11 2898
23 12 5059
23 15 1166
23 16 4255
23 18 3450
23 19 2402
23 20 915
23 21 1380
23 22 684
23 24 1496
23 25 6145
23 26 363884
23 28 3981
24 1 5661
24 2 5401
24 3 2818
24 4 5624
24 5 3079
24 6 3278
24 7 2373
24 8 3341
24 10 2674
24 11 1484
24 12 6520
24 15 2651
24 16 5429
24 18 2976
24 19 1464
24 20 567
24 21 211
24 22 2182
24 23 1495
24 25 4723
24 26 365369
24 28 2983
25 1 8465
25 2 8205
25 3 7467
25 4 6924
25 5 2138
25 6 1612
25 7 3381
25 8 5460
25 10 7327
25 11 3401
25 12 11235
25 15 7304
25 16 9843
25 18 3633
25 19 4867
25 20 5270
25 21 4809
25 22 6831
25 23 6161
25 24 4734
25 26 368760
25 28 2374
26 1 369858
26 2 369598
26 3 363389
26 4 370597
26 5 367484
26 6 368217
26 7 366348
26 8 364807
26 10 363067
26 11 366770
26 12 360701
26 15 362972
26 16 362629
26 18 366231
26 19 366168
26 20 364918
26 21 365383
26 22 363659
26 23 364010
26 24 365499
26 25 368891
26 28 367297
28 1 7641
28 2 7380
28 3 5299
28 4 6603
28 5 283
28 6 1221
28 7 1144
28 8 3156
28 10 5159
28 11 2118
28 12 9036
28 15 5152
28 16 8241
28 18 1266
28 19 3890
28 20 3236
28 21 2802
28 22 4670
28 23 3986
28 24 2980
28 25 2365
28 26 367163
