1 2 1246
1 3 720
1 4 1178
1 6 439
1 7 207
1 9 1116
1 11 1800
1 12 408
1 13 525
1 14 1544
1 15 1332
1 17 688
1 18 557
1 19 662
1 20 599
1 21 3213
1 22 613
1 23 1052
2 1 1158
2 3 1438
2 4 1328
2 6 1334
2 7 1102
2 9 1269
2 11 2215
2 12 1335
2 13 1467
2 14 2702
2 15 2504
2 17 1417
2 18 929
2 19 832
2 20 992
2 21 4338
2 22 1509
2 23 820
3 1 715
3 2 1530
3 4 576
3 6 1091
3 7 859
3 9 420
3 11 1112
3 12 386
3 13 251
3 14 2082
3 15 1053
3 17 349
3 18 940
3 19 1045
3 20 423
3 21 3363
3 22 1266
3 23 822
4 1 1180
4 2 1436
4 3 589
4 6 1556
4 7 1324
4 9 146
4 11 1157
4 12 725
4 13 661
4 14 2547
4 15 1602
4 17 759
4 18 1228
4 19 1141
4 20 565
4 21 3835
4 22 1731
4 23 652
6 1 519
6 2 1508
6 3 1177
6 4 1635
6 7 315
6 9 1573
6 11 2257
6 12 865
6 13 982
6 14 1777
6 15 1790
6 17 1145
6 18 417
6 19 522
6 20 1056
6 21 3231
6 22 320
6 23 1509
7 1 244
7 2 1233
7 3 902
7 4 1359
7 6 278
7 9 1298
7 11 1981
7 12 590
7 13 706
7 14 1749
7 15 1545
7 17 870
7 18 403
7 19 508
7 20 780
7 21 3355
7 22 448
7 23 1234
9 1 1110
9 2 1367
9 3 420
9 4 134
9 6 1486
9 7 1254
9 11 1010
9 12 654
9 13 589
9 14 2477
9 15 1448
9 17 687
9 18 1159
9 19 1072
9 20 496
9 21 3758
9 22 1661
9 23 583
11 1 1806
11 2 2304
11 3 1120
11 4 1158
11 6 2183
11 7 1951
11 9 1024
11 12 1360
11 13 1289
11 14 3005
11 15 1070
11 17 1388
11 18 1914
11 19 1912
11 20 1337
11 21 3781
11 22 2358
11 23 1534
12 1 439
12 2 1462
12 3 420
12 4 750
12 6 815
12 7 583
12 9 689
12 11 1386
12 13 253
12 14 1806
12 15 1158
12 17 420
12 18 872
12 19 977
12 20 355
12 21 3139
12 22 990
12 23 754
13 1 519
13 2 1559
13 3 258
13 4 659
13 6 896
13 7 664
13 9 596
13 11 1289
13 12 217
13 14 1886
13 15 1035
13 17 164
13 18 893
13 19 998
13 20 421
13 21 3175
13 22 1070
13 23 820
14 1 1614
14 2 2860
14 3 2140
14 4 2598
14 6 1768
14 7 1789
14 9 2536
14 11 3048
14 12 1828
14 13 1945
14 15 2025
14 17 2108
14 18 2138
14 19 2243
14 20 2030
14 21 1975
14 22 1546
14 23 2484
15 1 1364
15 2 2597
15 3 1069
15 4 1603
15 6 1750
15 7 1544
15 9 1462
15 11 1081
15 12 1137
15 13 1052
15 14 1992
15 17 1215
15 18 1893
15 19 1998
15 20 1497
15 21 2741
15 22 1465
15 23 1896
17 1 680
17 2 1506
17 3 353
17 4 754
17 6 1056
17 7 824
17 9 691
17 11 1384
17 12 388
17 13 161
17 14 2047
17 15 1196
17 18 841
17 19 946
17 20 406
17 21 3335
17 22 1231
17 23 810
18 1 631
18 2 1086
18 3 1010
18 4 1287
18 6 409
18 7 438
18 9 1227
18 11 1976
18 12 908
18 13 958
18 14 2136
18 15 1932
18 17 908
18 19 105
18 20 697
18 21 3624
18 22 688
18 23 1140
19 1 728
19 2 981
19 3 1108
19 4 1188
19 6 506
19 7 535
19 9 1128
19 11 1965
19 12 1005
19 13 1055
19 14 2233
19 15 2029
19 17 1005
19 18 97
19 20 743
19 21 3722
19 22 785
19 23 1035
20 1 628
20 2 1117
20 3 455
20 4 586
20 6 1005
20 7 773
20 9 527
20 11 1421
20 12 352
20 13 445
20 14 2008
20 15 1527
20 17 436
20 18 659
20 19 718
20 21 3412
20 22 1180
20 23 458
21 1 3236
21 2 4455
21 3 3389
21 4 3859
21 6 3212
21 7 3353
21 9 3785
21 11 3846
21 12 3130
21 13 3200
21 14 1953
21 15 2791
21 17 3363
21 18 3589
21 19 3694
21 20 3403
21 22 3055
21 23 3856
22 1 691
22 2 1680
22 3 1349
22 4 1806
22 6 321
22 7 485
22 9 1745
22 11 2428
22 12 1037
22 13 1153
22 14 1543
22 15 1525
22 17 1317
22 18 692
22 19 797
22 20 1227
22 21 3103
22 23 1681
23 1 1075
23 2 932
23 3 848
23 4 665
23 6 1451
23 7 1219
23 9 606
23 11 1553
23 12 746
23 13 838
23 14 2454
23 15 1906
23 17 833
23 18 1106
23 19 1010
23 20 452
23 21 3858
23 22 1626
