11146442@N00 1336155672.0 1 1
11146442@N00 1336156397.0 7 1
11146442@N00 1336157902.0 7 1
11146442@N00 1336158437.0 6 1
11146442@N00 1336170989.0 23 1
11587194@N06 1354521392.0 18 2
11587194@N06 1354521856.0 6 2
11587194@N06 1354522098.0 6 2
11587194@N06 1354522813.0 6 2
11587194@N06 1354524739.0 1 2
11587194@N06 1354928095.0 17 3
11587194@N06 1354955510.0 18 3
11587194@N06 1354955513.0 18 3
11587194@N06 1355129963.0 19 4
11587194@N06 1355130052.0 19 4
12199582@N00 1356246179.0 12 8
12199582@N00 1356246224.0 12 8
12199582@N00 1356246267.0 12 8
12199582@N00 1356246293.0 12 8
12199582@N00 1356246349.0 12 8
12199582@N00 1356246635.0 12 8
12199582@N00 1356246645.0 12 8
12199582@N00 1356246655.0 12 8
12199582@N00 1356249089.0 12 8
12199582@N00 1356251821.0 12 8
12288823@N07 1398526485.0 3 12
12288823@N07 1398532256.0 3 12
15213592@N03 1063418642.0 19 13
15213592@N03 1063418655.0 19 13
15213592@N03 1063418766.0 19 13
15213592@N03 1063418780.0 19 13
15213592@N03 1075516766.0 20 14
15213592@N03 1075516800.0 20 14
15213592@N03 1075516863.0 20 14
15213592@N03 1075516888.0 20 14
15213592@N03 1075516901.0 20 14
15213592@N03 1075516931.0 20 14
15213592@N03 1075516951.0 20 14
15213592@N03 1075517068.0 20 14
15213592@N03 1075517086.0 20 14
15213592@N03 1075517111.0 20 14
15213592@N03 1075517122.0 20 14
15213592@N03 1075517178.0 20 14
15213592@N03 1075517208.0 20 14
15213592@N03 1075517252.0 20 14
15213592@N03 1075517267.0 20 14
15213592@N03 1075517308.0 20 14
15213592@N03 1075517323.0 20 14
15213592@N03 1075517361.0 20 14
15213592@N03 1075517860.0 20 14
15213592@N03 1075517895.0 20 14
15213592@N03 1075517911.0 20 14
15213592@N03 1075517922.0 20 14
15213592@N03 1075517943.0 20 14
15213592@N03 1075517955.0 20 14
15213592@N03 1075518025.0 20 14
15213592@N03 1075518051.0 20 14
15213592@N03 1075518116.0 20 14
15213592@N03 1075518126.0 20 14
15213592@N03 1075518137.0 20 14
15213592@N03 1075518163.0 20 14
15213592@N03 1075518203.0 20 14
15213592@N03 1075518211.0 20 14
15213592@N03 1075518306.0 20 14
15213592@N03 1075518314.0 20 14
15213592@N03 1075518331.0 20 14
15213592@N03 1075518346.0 20 14
15213592@N03 1075518361.0 20 14
15213592@N03 1079063354.0 22 15
15213592@N03 1079063378.0 22 15
15213592@N03 1079063414.0 22 15
15213592@N03 1079063424.0 22 15
15213592@N03 1079063457.0 22 15
15213592@N03 1079063504.0 22 15
15213592@N03 1079063515.0 22 15
15213592@N03 1079063548.0 22 15
15213592@N03 1079063563.0 22 15
15213592@N03 1079063583.0 22 15
15213592@N03 1079063781.0 22 15
15213592@N03 1079063794.0 22 15
15213592@N03 1079064590.0 19 15
15213592@N03 1079064604.0 19 15
15213592@N03 1079064620.0 19 15
15213592@N03 1079064642.0 19 15
15213592@N03 1079064651.0 19 15
15213592@N03 1079064672.0 19 15
15213592@N03 1079064691.0 19 15
15213592@N03 1079064710.0 19 15
15213592@N03 1079064839.0 19 15
15213592@N03 1223618444.0 19 19
15213592@N03 1223618515.0 19 19
15213592@N03 1223618553.0 19 19
15213592@N03 1223618565.0 19 19
15213592@N03 1223618711.0 19 19
15213592@N03 1223618729.0 19 19
15213592@N03 1223618802.0 19 19
15213592@N03 1223618844.0 19 19
15213592@N03 1223618851.0 19 19
15213592@N03 1223618901.0 19 19
15213592@N03 1223618944.0 19 19
15213592@N03 1226805632.0 2 22
15213592@N03 1226805779.0 2 22
15213592@N03 1226805963.0 2 22
15213592@N03 1226806372.0 2 22
15213592@N03 1226808003.0 19 22
15213592@N03 1229126160.0 7 24
15213592@N03 1229126227.0 7 24
15213592@N03 1229126721.0 7 24
15213592@N03 1229127078.0 7 24
15213592@N03 1229127685.0 7 24
15213592@N03 1229127729.0 7 24
15213592@N03 1229128303.0 7 24
15213592@N03 1229128361.0 7 24
15213592@N03 1229128370.0 7 24
15213592@N03 1229128525.0 7 24
15213592@N03 1229128635.0 7 24
15213592@N03 1229128696.0 7 24
15213592@N03 1229128761.0 7 24
15213592@N03 1229129105.0 7 24
15213592@N03 1229129126.0 7 24
15213592@N03 1229129509.0 7 24
15213592@N03 1229129683.0 7 24
15213592@N03 1229130449.0 7 24
15213592@N03 1229130752.0 7 24
15213592@N03 1229130791.0 7 24
15213592@N03 1234558891.0 20 25
15213592@N03 1234558919.0 20 25
15213592@N03 1234558934.0 20 25
15213592@N03 1234558961.0 20 25
15213592@N03 1234558973.0 20 25
15213592@N03 1234558983.0 20 25
15213592@N03 1234558997.0 20 25
15213592@N03 1234559021.0 20 25
15213592@N03 1234559029.0 20 25
15213592@N03 1234559086.0 20 25
15213592@N03 1235261887.0 1 26
15213592@N03 1235261905.0 1 26
15213592@N03 1235261919.0 1 26
15213592@N03 1235261962.0 1 26
15213592@N03 1235261977.0 1 26
15213592@N03 1235261999.0 1 26
15213592@N03 1235262022.0 1 26
15213592@N03 1235262059.0 1 26
15213592@N03 1235262121.0 1 26
15213592@N03 1235262129.0 1 26
15213592@N03 1235262157.0 1 26
15213592@N03 1235262191.0 1 26
15213592@N03 1235262223.0 1 26
15213592@N03 1235262292.0 22 26
15213592@N03 1235262304.0 22 26
15213592@N03 1235262366.0 22 26
15213592@N03 1235262387.0 22 26
15213592@N03 1235262411.0 22 26
15213592@N03 1235262427.0 22 26
15213592@N03 1235262443.0 22 26
15213592@N03 1235262459.0 22 26
15213592@N03 1235262554.0 22 26
15213592@N03 1235262601.0 22 26
15213592@N03 1235262641.0 22 26
15213592@N03 1235262676.0 22 26
15213592@N03 1235262805.0 22 26
15213592@N03 1235262834.0 22 26
15213592@N03 1235262871.0 22 26
15213592@N03 1235262987.0 7 26
15213592@N03 1235263005.0 7 26
15213592@N03 1235263094.0 7 26
15213592@N03 1235263170.0 7 26
15213592@N03 1235263194.0 7 26
15213592@N03 1235263216.0 7 26
15213592@N03 1235263250.0 7 26
15213592@N03 1235263322.0 7 26
15213592@N03 1235263333.0 7 26
15213592@N03 1235263342.0 7 26
15213592@N03 1235263369.0 7 26
15213592@N03 1235263379.0 7 26
15213592@N03 1235263417.0 7 26
15213592@N03 1235263441.0 7 26
15213592@N03 1235263518.0 7 26
15213592@N03 1235263710.0 7 26
15213592@N03 1235263719.0 7 26
15213592@N03 1235263729.0 7 26
15213592@N03 1235263741.0 7 26
15213592@N03 1235263777.0 7 26
15213592@N03 1235263909.0 7 26
15213592@N03 1235263919.0 7 26
15213592@N03 1235264139.0 18 26
15213592@N03 1235264150.0 18 26
15213592@N03 1235264383.0 19 26
15213592@N03 1235264401.0 19 26
15213592@N03 1235264437.0 19 26
15213592@N03 1243576669.0 18 29
15213592@N03 1243576679.0 18 29
15213592@N03 1243576685.0 18 29
15213592@N03 1243576701.0 18 29
15213592@N03 1243576711.0 18 29
15213592@N03 1243576735.0 18 29
15213592@N03 1243576748.0 18 29
15213592@N03 1243576781.0 18 29
15213592@N03 1243576811.0 18 29
15213592@N03 1243576835.0 18 29
15213592@N03 1243576930.0 18 29
15213592@N03 1245552172.0 1 30
15213592@N03 1245552193.0 1 30
15213592@N03 1250236481.0 17 31
15213592@N03 1250236587.0 17 31
15213592@N03 1253782176.0 20 32
15213592@N03 1253782369.0 20 32
15213592@N03 1253782401.0 20 32
15213592@N03 1253784452.0 20 32
15213592@N03 1266799393.0 2 35
15213592@N03 1266799434.0 2 35
15213592@N03 1266800511.0 20 35
15213592@N03 1275787708.0 18 37
15213592@N03 1275793520.0 1 37
15213592@N03 1275793567.0 1 37
15213592@N03 1275793578.0 1 37
15213592@N03 1275793647.0 1 37
15213592@N03 1275793677.0 1 37
15213592@N03 1275793719.0 1 37
15213592@N03 1275795333.0 17 37
15213592@N03 1275795950.0 20 37
15213592@N03 1283744538.0 19 42
15213592@N03 1283744564.0 19 42
15213592@N03 1283744600.0 19 42
15213592@N03 1283744606.0 19 42
15213592@N03 1283750482.0 1 42
15213592@N03 1283751953.0 17 42
15213592@N03 1283751967.0 17 42
15213592@N03 1289544929.0 17 43
15213592@N03 1289544948.0 17 43
15213592@N03 1289545009.0 17 43
15213592@N03 1290740120.0 19 44
15213592@N03 1290740896.0 1 44
15213592@N03 1291790265.0 12 45
15213592@N03 1291799556.0 13 45
15213592@N03 1306721840.0 3 49
15213592@N03 1306722046.0 3 49
15213592@N03 1309051685.0 23 51
15213592@N03 1309051692.0 23 51
15213592@N03 1309051725.0 23 51
15213592@N03 1309051892.0 23 51
15213592@N03 1309051913.0 23 51
15213592@N03 1309051925.0 23 51
15213592@N03 1309051944.0 23 51
15213592@N03 1309051962.0 23 51
15213592@N03 1309051986.0 23 51
15213592@N03 1309051992.0 23 51
15213592@N03 1309052010.0 23 51
15213592@N03 1309052070.0 23 51
15213592@N03 1309052094.0 23 51
15213592@N03 1309052102.0 23 51
15213592@N03 1309052144.0 23 51
15213592@N03 1309052171.0 23 51
15213592@N03 1309052246.0 23 51
15213592@N03 1309052294.0 23 51
15213592@N03 1309052378.0 23 51
15213592@N03 1309052743.0 20 51
15213592@N03 1309052775.0 20 51
15213592@N03 1309052810.0 20 51
15213592@N03 1309052844.0 20 51
15213592@N03 1309052891.0 20 51
15213592@N03 1309052925.0 20 51
15213592@N03 1309053054.0 20 51
15213592@N03 1309053103.0 20 51
15213592@N03 1309053177.0 20 51
15213592@N03 1309053546.0 17 51
15213592@N03 1309131356.0 23 52
15213592@N03 1309131416.0 23 52
15213592@N03 1309131549.0 23 52
15213592@N03 1309131601.0 23 52
15213592@N03 1309131662.0 23 52
15213592@N03 1309131703.0 23 52
15213592@N03 1311430812.0 17 54
15213592@N03 1311432616.0 17 54
15213592@N03 1311573356.0 13 55
15213592@N03 1311578623.0 20 55
15213592@N03 1311578699.0 3 55
15213592@N03 1316393610.0 12 57
15213592@N03 1316394098.0 17 57
15213592@N03 1316397248.0 23 57
15213592@N03 1316397380.0 23 57
15213592@N03 1316397496.0 23 57
15213592@N03 1316397777.0 23 57
15213592@N03 1319178456.0 19 62
15213592@N03 1319178613.0 19 62
15213592@N03 1319178642.0 19 62
15213592@N03 1319179065.0 18 62
15213592@N03 1319179199.0 7 62
15213592@N03 1319179251.0 7 62
15213592@N03 1319180169.0 21 62
15213592@N03 1319181052.0 21 62
15213592@N03 1319181265.0 21 62
15213592@N03 1319181288.0 21 62
15213592@N03 1319181355.0 21 62
15213592@N03 1319181363.0 21 62
15213592@N03 1319181373.0 21 62
15213592@N03 1319188016.0 21 62
15213592@N03 1319190587.0 21 62
15213592@N03 1319190618.0 21 62
15213592@N03 1319190970.0 21 62
15213592@N03 1319194348.0 21 62
15213592@N03 1320026378.0 13 63
15213592@N03 1320026403.0 13 63
15213592@N03 1320026658.0 13 63
15213592@N03 1320026740.0 13 63
15213592@N03 1320026769.0 13 63
15213592@N03 1320026916.0 13 63
15213592@N03 1320027229.0 13 63
15213592@N03 1320027496.0 13 63
15213592@N03 1320027533.0 13 63
15213592@N03 1320027683.0 13 63
15213592@N03 1320027730.0 13 63
15213592@N03 1320028154.0 13 63
15213592@N03 1320028619.0 13 63
15213592@N03 1320028642.0 13 63
15213592@N03 1320028779.0 13 63
15213592@N03 1320028842.0 13 63
15213592@N03 1321590894.0 20 64
15213592@N03 1321594792.0 20 64
15213592@N03 1321594836.0 20 64
15213592@N03 1321596571.0 17 64
15213592@N03 1321596643.0 17 64
15213592@N03 1321596650.0 17 64
15213592@N03 1321760025.0 17 66
15213592@N03 1321760031.0 17 66
15213592@N03 1321760051.0 17 66
15213592@N03 1321760064.0 17 66
15213592@N03 1321760069.0 17 66
15213592@N03 1322807403.0 1 67
15213592@N03 1322807432.0 1 67
15213592@N03 1325226980.0 12 68
15213592@N03 1325227720.0 12 68
15213592@N03 1325228210.0 12 68
15213592@N03 1325228346.0 12 68
15213592@N03 1325234226.0 3 68
15213592@N03 1325290300.0 12 69
15213592@N03 1325290792.0 12 69
15213592@N03 1330483589.0 17 70
15213592@N03 1330483633.0 17 70
15213592@N03 1330483796.0 17 70
15213592@N03 1336561223.0 20 71
15213592@N03 1336561326.0 3 71
15213592@N03 1336615788.0 13 72
15213592@N03 1336615916.0 13 72
15213592@N03 1336615925.0 13 72
15213592@N03 1336615947.0 13 72
15213592@N03 1336616020.0 3 72
15213592@N03 1336616157.0 12 72
15213592@N03 1339071401.0 3 75
15213592@N03 1339071408.0 3 75
15213592@N03 1345631065.0 19 77
15213592@N03 1345631816.0 12 77
15213592@N03 1345631927.0 13 77
15213592@N03 1348042597.0 9 79
15213592@N03 1348042657.0 9 79
15213592@N03 1348042672.0 9 79
15213592@N03 1348042752.0 9 79
15213592@N03 1348042767.0 9 79
15213592@N03 1348042794.0 9 79
15213592@N03 1348042897.0 9 79
15213592@N03 1348042959.0 9 79
15213592@N03 1348042991.0 9 79
15213592@N03 1350438511.0 15 80
15213592@N03 1350438616.0 15 80
15213592@N03 1360928477.0 12 83
15213592@N03 1360928632.0 12 83
15213592@N03 1360932967.0 12 83
15213592@N03 1360933317.0 12 83
15213592@N03 1360933392.0 12 83
15213592@N03 1360933475.0 12 83
15213592@N03 1360933904.0 12 83
15213592@N03 1360934132.0 12 83
15213592@N03 1360934351.0 12 83
15213592@N03 1361144919.0 13 84
15213592@N03 1361144939.0 13 84
15213592@N03 1361144980.0 13 84
15213592@N03 1361144999.0 13 84
15213592@N03 1361145026.0 13 84
15213592@N03 1361145044.0 13 84
15213592@N03 1361145083.0 13 84
15213592@N03 1361145121.0 13 84
15213592@N03 1361145139.0 13 84
15213592@N03 1361145266.0 13 84
15213592@N03 1361145281.0 13 84
15213592@N03 1361145292.0 13 84
15213592@N03 1361145306.0 13 84
15213592@N03 1361145322.0 13 84
15213592@N03 1361145348.0 13 84
15213592@N03 1361145353.0 13 84
15213592@N03 1361145402.0 13 84
15213592@N03 1361145429.0 13 84
15213592@N03 1361145499.0 13 84
15213592@N03 1361145515.0 13 84
15213592@N03 1361145540.0 13 84
15213592@N03 1361145552.0 13 84
15213592@N03 1361145565.0 13 84
15213592@N03 1361145574.0 13 84
15213592@N03 1361145595.0 13 84
15213592@N03 1361145610.0 13 84
15213592@N03 1361145623.0 13 84
15213592@N03 1361145645.0 13 84
15213592@N03 1361145657.0 13 84
15213592@N03 1361145680.0 13 84
15213592@N03 1361145689.0 13 84
15213592@N03 1361145766.0 13 84
15213592@N03 1361145985.0 13 84
15213592@N03 1361145993.0 13 84
15213592@N03 1361146002.0 13 84
15213592@N03 1361146007.0 13 84
15213592@N03 1361146022.0 13 84
15213592@N03 1361146035.0 13 84
15213592@N03 1361146047.0 13 84
15213592@N03 1361146058.0 13 84
15213592@N03 1361146075.0 13 84
15213592@N03 1361146084.0 13 84
15213592@N03 1361146121.0 13 84
15213592@N03 1361146200.0 13 84
15213592@N03 1361146214.0 13 84
15213592@N03 1361146398.0 13 84
15213592@N03 1361146461.0 13 84
15213592@N03 1361146469.0 13 84
15213592@N03 1361146963.0 13 84
15213592@N03 1361147050.0 13 84
15213592@N03 1361147273.0 13 84
15213592@N03 1361147586.0 13 84
15213592@N03 1361147794.0 13 84
15213592@N03 1361147815.0 13 84
15213592@N03 1361147928.0 13 84
15213592@N03 1362789723.0 19 85
15213592@N03 1362790964.0 19 85
15213592@N03 1362790973.0 19 85
15213592@N03 1362794837.0 19 85
15213592@N03 1362801963.0 19 85
15213592@N03 1362805459.0 19 85
15213592@N03 1362805468.0 19 85
15213592@N03 1362805566.0 19 85
15213592@N03 1362806794.0 19 85
15213592@N03 1362808278.0 19 85
15213592@N03 1362808285.0 19 85
15213592@N03 1362808293.0 19 85
15213592@N03 1362876690.0 19 86
15213592@N03 1362877021.0 19 86
15213592@N03 1362877483.0 19 86
15213592@N03 1362877512.0 19 86
15213592@N03 1362880976.0 19 86
15213592@N03 1362880985.0 19 86
15213592@N03 1362881002.0 19 86
15213592@N03 1362881090.0 19 86
15213592@N03 1362881095.0 19 86
15213592@N03 1362883745.0 19 86
15213592@N03 1362883908.0 19 86
15213592@N03 1362884037.0 19 86
15213592@N03 1362884238.0 19 86
15213592@N03 1362884244.0 19 86
15213592@N03 1362885035.0 19 86
15213592@N03 1362885064.0 19 86
15213592@N03 1362885077.0 19 86
15213592@N03 1362885111.0 19 86
15213592@N03 1369384508.0 17 90
15213592@N03 1369384543.0 17 90
15213592@N03 1369384587.0 17 90
15213592@N03 1369384597.0 17 90
15213592@N03 1369384725.0 17 90
15213592@N03 1369385077.0 13 90
15213592@N03 1369385289.0 3 90
15213592@N03 1369385299.0 3 90
15213592@N03 1369387420.0 9 90
15213592@N03 1371351297.0 17 92
15213592@N03 1371351352.0 17 92
15213592@N03 1371351371.0 17 92
15213592@N03 1372923098.0 17 94
15213592@N03 1372923113.0 17 94
15213592@N03 1373614177.0 17 96
15213592@N03 1373614312.0 17 96
15213592@N03 1373614312.0 17 96
15213592@N03 1373614364.0 17 96
15213592@N03 1373614409.0 17 96
15213592@N03 1373614409.0 17 96
15213592@N03 1392605956.0 20 97
15213592@N03 1392606018.0 20 97
15213592@N03 1395460666.0 17 100
15213592@N03 1395460679.0 17 100
15213592@N03 1395460698.0 17 100
15213592@N03 1395460794.0 17 100
15213592@N03 1395460812.0 17 100
15213592@N03 1395460833.0 17 100
15213592@N03 1395460873.0 17 100
15213592@N03 1395463491.0 6 100
15213592@N03 1395463814.0 6 100
15213592@N03 1395464085.0 6 100
15213592@N03 1395464111.0 6 100
15213592@N03 1395464119.0 6 100
15213592@N03 1395464127.0 6 100
15213592@N03 1395464474.0 6 100
15213592@N03 1395464523.0 6 100
15213592@N03 1395464541.0 6 100
15213592@N03 1395464670.0 6 100
15213592@N03 1395464711.0 6 100
15213592@N03 1395464717.0 6 100
15213592@N03 1395464752.0 6 100
15213592@N03 1395464771.0 6 100
15213592@N03 1395464790.0 6 100
15213592@N03 1395464817.0 6 100
15213592@N03 1395464833.0 6 100
15213592@N03 1395464877.0 6 100
15213592@N03 1395464952.0 6 100
15213592@N03 1395465501.0 6 100
15213592@N03 1395465918.0 6 100
15213592@N03 1395467150.0 6 100
19229064@N00 1236151346.0 22 104
19229064@N00 1236151950.0 6 104
19229064@N00 1236151959.0 6 104
19229064@N00 1236152044.0 6 104
19229064@N00 1236155422.0 6 104
20385902@N03 1306570728.0 19 107
20385902@N03 1306570807.0 19 107
20385902@N03 1306570807.0 19 107
20692723@N07 1163750719.0 6 109
20692723@N07 1163750919.0 6 109
20724439@N00 1322434816.0 19 110
20724439@N00 1322434845.0 19 110
20724439@N00 1322434866.0 19 110
20724439@N00 1322434898.0 19 110
20724439@N00 1322434920.0 19 110
20724439@N00 1322436682.0 19 110
20724439@N00 1322440763.0 19 110
20724439@N00 1322440780.0 19 110
20724439@N00 1322441308.0 19 110
20724439@N00 1322441380.0 19 110
20724439@N00 1322441442.0 19 110
20724439@N00 1322441519.0 19 110
20724439@N00 1322441606.0 19 110
20724439@N00 1322441640.0 19 110
21156246@N00 1182245223.0 22 113
21156246@N00 1182249266.0 22 113
21156246@N00 1182253211.0 6 113
22563879@N04 1355562250.0 17 115
22563879@N04 1355566056.0 17 115
22872308@N00 1265959356.0 3 117
22872308@N00 1265959365.0 3 117
22872308@N00 1265959366.0 3 117
22872308@N00 1265959383.0 3 117
22872308@N00 1265959391.0 3 117
22872308@N00 1265959434.0 3 117
22872308@N00 1306015052.0 14 119
22872308@N00 1306016003.0 14 119
22872308@N00 1306016021.0 14 119
22872308@N00 1306016143.0 14 119
22872308@N00 1306020540.0 14 119
22872308@N00 1306020785.0 14 119
22872308@N00 1306020793.0 14 119
22872308@N00 1306020823.0 14 119
22872308@N00 1306020867.0 14 119
22872308@N00 1306020896.0 14 119
22872308@N00 1358934360.0 23 121
22872308@N00 1358934368.0 23 121
22872308@N00 1358934371.0 23 121
22872308@N00 1358934882.0 23 121
22872308@N00 1358937796.0 23 121
22872308@N00 1358937798.0 23 121
22872308@N00 1358938339.0 23 121
22872308@N00 1358940367.0 23 121
22872308@N00 1358940380.0 23 121
22872308@N00 1395891901.0 4 123
22872308@N00 1395891933.0 4 123
22997058@N02 1229647517.0 14 124
22997058@N02 1229647877.0 14 124
22997058@N02 1229648053.0 14 124
22997058@N02 1229649891.0 14 124
22997058@N02 1229652793.0 14 124
22997058@N02 1229652833.0 14 124
22997058@N02 1229657670.0 14 124
22997058@N02 1229657702.0 14 124
22997058@N02 1229658002.0 14 124
22997058@N02 1229658212.0 14 124
22997058@N02 1229658389.0 14 124
22997058@N02 1229658571.0 14 124
22997058@N02 1229659012.0 14 124
22997058@N02 1229659306.0 14 124
22997058@N02 1229659707.0 14 124
22997058@N02 1229659837.0 14 124
22997058@N02 1229659930.0 14 124
22997058@N02 1229661670.0 14 124
22997058@N02 1229662317.0 14 124
22997058@N02 1229662462.0 14 124
22997058@N02 1229669638.0 14 124
22997058@N02 1229669687.0 14 124
22997058@N02 1229670056.0 14 124
22997058@N02 1229671806.0 14 124
22997058@N02 1229673652.0 14 124
22997058@N02 1229734529.0 14 125
22997058@N02 1229735549.0 14 125
22997058@N02 1229736349.0 14 125
22997058@N02 1229737570.0 14 125
22997058@N02 1229739704.0 14 125
22997058@N02 1229743652.0 14 125
22997058@N02 1229744127.0 14 125
22997058@N02 1229744166.0 14 125
22997058@N02 1229744329.0 14 125
22997058@N02 1229744770.0 14 125
22997058@N02 1229749605.0 14 125
22997058@N02 1229755723.0 14 125
22997058@N02 1229755871.0 14 125
22997058@N02 1229756073.0 14 125
22997058@N02 1229756145.0 14 125
22997058@N02 1229756266.0 14 125
22997058@N02 1229756300.0 14 125
22997058@N02 1229756712.0 14 125
22997058@N02 1229822062.0 14 126
22997058@N02 1229822083.0 14 126
22997058@N02 1229822475.0 14 126
22997058@N02 1229822686.0 14 126
22997058@N02 1229824703.0 14 126
22997058@N02 1229825075.0 14 126
22997058@N02 1229825269.0 14 126
22997058@N02 1229825269.0 14 126
22997058@N02 1229825383.0 14 126
22997058@N02 1229829995.0 14 126
22997058@N02 1229830178.0 14 126
22997058@N02 1229830757.0 14 126
22997058@N02 1229830977.0 14 126
22997058@N02 1229834844.0 14 126
22997058@N02 1229834872.0 14 126
22997058@N02 1320573804.0 21 127
22997058@N02 1320577640.0 21 127
22997058@N02 1320578265.0 21 127
22997058@N02 1320578371.0 21 127
22997058@N02 1320578690.0 21 127
22997058@N02 1320578859.0 21 127
22997058@N02 1320579313.0 21 127
22997058@N02 1320579978.0 21 127
22997058@N02 1320580672.0 21 127
22997058@N02 1320580704.0 21 127
22997058@N02 1320581306.0 21 127
22997058@N02 1320581505.0 21 127
23809369@N08 1333874346.0 1 129
23809369@N08 1333874446.0 1 129
23809369@N08 1351811059.0 12 130
23809369@N08 1351811152.0 12 130
23809369@N08 1351811246.0 12 130
23809369@N08 1351811472.0 12 130
23809369@N08 1351811485.0 12 130
23809369@N08 1351812175.0 17 130
24395823@N03 1303618126.0 6 133
24395823@N03 1303627600.0 7 133
24576031@N04 1324025003.0 13 135
24576031@N04 1324025070.0 13 135
24576031@N04 1324025141.0 13 135
24576031@N04 1324025160.0 13 135
24576031@N04 1324025220.0 13 135
24576031@N04 1324026630.0 13 135
24576031@N04 1324026765.0 13 135
24576031@N04 1324026885.0 13 135
24576031@N04 1324026964.0 13 135
24576031@N04 1324027004.0 13 135
24576031@N04 1324027044.0 13 135
24576031@N04 1324027087.0 13 135
24576031@N04 1324027114.0 13 135
24576031@N04 1324027531.0 13 135
24576031@N04 1324027694.0 13 135
24576031@N04 1324027736.0 13 135
24576031@N04 1324027762.0 13 135
24576031@N04 1324028312.0 13 135
24576031@N04 1324028332.0 13 135
24576031@N04 1324028429.0 13 135
24576031@N04 1324028795.0 13 135
24576031@N04 1324029313.0 13 135
24576031@N04 1324030386.0 13 135
24576031@N04 1324030716.0 13 135
24576031@N04 1324031017.0 13 135
24576031@N04 1324031091.0 13 135
24576031@N04 1324031364.0 13 135
24576031@N04 1324031431.0 13 135
24576031@N04 1324031575.0 13 135
24576031@N04 1324031618.0 13 135
24576031@N04 1324032339.0 13 135
24576031@N04 1324100143.0 13 136
24576031@N04 1324100264.0 13 136
24918835@N03 1136037191.0 6 137
24918835@N03 1136039289.0 17 137
24918835@N03 1229132372.0 7 138
24918835@N03 1229132475.0 7 138
24918835@N03 1229132620.0 7 138
24918835@N03 1229132628.0 7 138
24918835@N03 1229132640.0 7 138
24918835@N03 1229132696.0 7 138
24918835@N03 1229132802.0 7 138
24918835@N03 1229133116.0 7 138
24918835@N03 1229133158.0 7 138
24918835@N03 1229133215.0 7 138
24918835@N03 1229133306.0 7 138
24918835@N03 1229133309.0 7 138
24918835@N03 1229133398.0 7 138
24918835@N03 1229133540.0 7 138
24918835@N03 1229133776.0 7 138
24918835@N03 1229133781.0 7 138
24918835@N03 1229133811.0 7 138
24918835@N03 1229133841.0 7 138
24918835@N03 1229133849.0 7 138
24918835@N03 1229133970.0 7 138
24918835@N03 1229134083.0 7 138
24918835@N03 1229134114.0 7 138
24918835@N03 1229134125.0 7 138
24918835@N03 1229134151.0 7 138
24918835@N03 1229134161.0 7 138
24918835@N03 1229134182.0 7 138
24918835@N03 1229134342.0 7 138
24918835@N03 1229134379.0 7 138
24918835@N03 1229134390.0 7 138
24918835@N03 1229134401.0 7 138
24918835@N03 1229134404.0 7 138
24918835@N03 1229134413.0 7 138
24918835@N03 1229134414.0 7 138
24918835@N03 1229134419.0 7 138
24918835@N03 1229134421.0 7 138
24918835@N03 1229134429.0 7 138
24918835@N03 1229134429.0 7 138
24918835@N03 1229134429.0 7 138
24918835@N03 1229134434.0 7 138
24918835@N03 1229134438.0 7 138
24918835@N03 1229134449.0 7 138
24918835@N03 1229134454.0 7 138
24918835@N03 1229134484.0 7 138
24918835@N03 1229134501.0 7 138
24918835@N03 1229134566.0 7 138
24918835@N03 1229134581.0 7 138
24918835@N03 1229836438.0 4 139
24918835@N03 1229836453.0 4 139
24918835@N03 1229836462.0 4 139
24918835@N03 1229836510.0 4 139
24918835@N03 1229836517.0 4 139
24918835@N03 1229836530.0 4 139
24918835@N03 1229836589.0 4 139
24918835@N03 1229836599.0 4 139
24918835@N03 1229836650.0 4 139
24918835@N03 1229836669.0 4 139
24918835@N03 1229836785.0 4 139
24918835@N03 1229836797.0 4 139
24918835@N03 1229836802.0 4 139
24918835@N03 1229836821.0 4 139
24918835@N03 1229836926.0 4 139
24918835@N03 1229837594.0 4 139
24918835@N03 1229837682.0 4 139
24918835@N03 1229837806.0 4 139
24918835@N03 1229837819.0 4 139
24918835@N03 1229837845.0 4 139
24918835@N03 1229837885.0 4 139
24918835@N03 1229837889.0 4 139
24918835@N03 1229837902.0 4 139
24918835@N03 1229837909.0 4 139
24918835@N03 1229837957.0 4 139
24918835@N03 1229837967.0 4 139
24918835@N03 1229837988.0 4 139
24918835@N03 1229838006.0 4 139
24918835@N03 1229838014.0 4 139
24918835@N03 1229838027.0 4 139
24918835@N03 1229838038.0 4 139
24918835@N03 1229838050.0 4 139
24918835@N03 1229838096.0 4 139
24918835@N03 1229838106.0 4 139
24918835@N03 1229838154.0 4 139
24918835@N03 1229838159.0 4 139
24918835@N03 1229838162.0 4 139
24918835@N03 1229838189.0 4 139
24918835@N03 1229838204.0 4 139
24918835@N03 1229838278.0 4 139
24918835@N03 1229838294.0 4 139
24918835@N03 1229838308.0 4 139
24918835@N03 1229838320.0 4 139
24918835@N03 1229838368.0 4 139
24918835@N03 1294645532.0 1 140
24918835@N03 1294645782.0 1 140
25046991@N00 1325631879.0 6 143
25046991@N00 1325631884.0 6 143
25046991@N00 1325639230.0 19 143
25046991@N00 1325641993.0 19 143
25046991@N00 1326263842.0 22 146
25046991@N00 1326265975.0 22 146
25046991@N00 1326266911.0 22 146
25046991@N00 1326267432.0 22 146
25046991@N00 1326267571.0 22 146
25046991@N00 1326267657.0 22 146
25046991@N00 1326285751.0 22 146
25046991@N00 1326285759.0 22 146
25046991@N00 1326286633.0 22 146
25046991@N00 1326800191.0 1 147
25046991@N00 1326800689.0 1 147
25046991@N00 1326875444.0 6 148
25046991@N00 1326875454.0 6 148
25046991@N00 1330692269.0 22 149
25046991@N00 1330692274.0 22 149
25448337@N07 1380866630.0 13 155
25448337@N07 1380866634.0 13 155
25448337@N07 1380867532.0 6 155
25654955@N03 1384644673.0 9 156
25654955@N03 1384646911.0 9 156
25654955@N03 1384646958.0 9 156
25654955@N03 1384647690.0 9 156
25654955@N03 1384647886.0 9 156
25654955@N03 1384647891.0 9 156
25654955@N03 1384648137.0 9 156
25654955@N03 1384650375.0 9 156
25654955@N03 1384650658.0 9 156
25654955@N03 1384650862.0 9 156
25654955@N03 1384651144.0 9 156
25654955@N03 1384652533.0 9 156
26303188@N00 1267228957.0 11 160
26303188@N00 1267229029.0 11 160
26303188@N00 1267318854.0 11 161
26303188@N00 1267318860.0 11 161
26303188@N00 1267318884.0 11 161
26303188@N00 1267318936.0 11 161
26303188@N00 1267319107.0 11 161
26678013@N00 1124505664.0 13 163
26678013@N00 1124505679.0 13 163
26678013@N00 1124505734.0 13 163
26678013@N00 1124582452.0 17 164
26678013@N00 1124582746.0 17 164
26678013@N00 1124583831.0 17 164
26678013@N00 1124752418.0 13 165
26678013@N00 1124752427.0 13 165
26678013@N00 1124753488.0 13 165
26757052@N04 1383747003.0 7 166
26757052@N04 1383755275.0 18 166
26757052@N04 1383789505.0 1 167
26757052@N04 1383790250.0 17 167
26757052@N04 1383790263.0 17 167
26757052@N04 1383790307.0 17 167
26757052@N04 1383790410.0 17 167
26757052@N04 1383790440.0 17 167
26757052@N04 1383790543.0 17 167
26757052@N04 1383804115.0 7 167
26757052@N04 1383813180.0 3 167
26757052@N04 1383813180.0 3 167
26757052@N04 1384063245.0 7 169
26757052@N04 1384066474.0 7 169
26757052@N04 1387589500.0 3 172
26757052@N04 1387589504.0 3 172
26757052@N04 1387598770.0 17 172
28637259@N03 1206495532.0 20 174
28637259@N03 1206498671.0 1 174
28637259@N03 1206498687.0 1 174
28637259@N03 1206498756.0 1 174
28637259@N03 1206499084.0 1 174
28637259@N03 1206499113.0 1 174
28637259@N03 1206499127.0 1 174
28637259@N03 1206499226.0 1 174
28637259@N03 1206499235.0 1 174
28787859@N05 1355906152.0 6 176
28787859@N05 1355907202.0 6 176
28787859@N05 1355907299.0 6 176
28787859@N05 1355908008.0 6 176
28787859@N05 1355908295.0 7 176
28787859@N05 1355908628.0 7 176
28787859@N05 1355908763.0 7 176
28787859@N05 1355908841.0 7 176
28787859@N05 1355911257.0 1 176
28787859@N05 1355912006.0 17 176
28787859@N05 1355912291.0 17 176
28836100@N00 1289894292.0 6 178
28836100@N00 1289894576.0 6 178
28836100@N00 1289894583.0 6 178
28836100@N00 1289894703.0 6 178
28836100@N00 1289895165.0 6 178
28836100@N00 1289895604.0 22 178
28836100@N00 1289895754.0 22 178
28836100@N00 1320008788.0 6 179
28836100@N00 1320009079.0 6 179
29007050@N00 1273656355.0 18 180
29007050@N00 1273656639.0 18 180
29007050@N00 1273657569.0 18 180
29795849@N00 1319859682.0 13 183
29795849@N00 1319862173.0 3 183
29795849@N00 1353225463.0 7 184
29795849@N00 1353229658.0 22 184
30226355@N07 1383441224.0 6 189
30226355@N07 1383441280.0 6 189
30226355@N07 1383448005.0 17 189
30226355@N07 1383448233.0 17 189
30226355@N07 1383452382.0 7 189
30920192@N08 1296867905.0 1 194
30920192@N08 1296868056.0 1 194
32192893@N08 1355883146.0 1 200
32192893@N08 1355900700.0 13 200
32192893@N08 1360120739.0 1 203
32192893@N08 1360121004.0 1 203
32192893@N08 1360139061.0 12 203
32192893@N08 1360644312.0 1 204
32192893@N08 1360647580.0 1 204
32192893@N08 1361245644.0 1 205
32192893@N08 1361247269.0 1 205
32192893@N08 1361249083.0 1 205
32192893@N08 1361253687.0 6 205
32192893@N08 1364106885.0 1 208
32192893@N08 1364106919.0 1 208
32192893@N08 1365564455.0 1 209
32192893@N08 1365567144.0 20 209
32192893@N08 1365567704.0 20 209
32192893@N08 1365567801.0 20 209
32192893@N08 1365567906.0 20 209
32192893@N08 1365569447.0 20 209
32192893@N08 1365571861.0 20 209
32192893@N08 1365573250.0 20 209
32192893@N08 1377061486.0 3 211
32192893@N08 1377061979.0 3 211
32192893@N08 1380536213.0 17 215
32192893@N08 1380536304.0 17 215
32192893@N08 1380536444.0 17 215
32192893@N08 1380596214.0 21 216
32192893@N08 1380598089.0 21 216
32192893@N08 1380598613.0 21 216
32192893@N08 1380598756.0 21 216
32192893@N08 1380602115.0 21 216
32192893@N08 1382063250.0 1 217
32192893@N08 1382064521.0 1 217
33126267@N06 1299636456.0 1 219
33126267@N06 1299652272.0 7 219
33126267@N06 1299652273.0 19 219
33198390@N06 1358890775.0 1 220
33198390@N06 1358891050.0 1 220
33198390@N06 1358891102.0 1 220
35034356424@N01 1286684153.0 17 228
35034356424@N01 1286687712.0 17 228
35034356424@N01 1287648321.0 1 230
35034356424@N01 1287648753.0 1 230
35034356424@N01 1297497157.0 13 238
35034356424@N01 1297509164.0 13 238
35034356424@N01 1297514193.0 13 238
35034356424@N01 1332578414.0 20 245
35034356424@N01 1332586620.0 20 245
35034356424@N01 1339745201.0 19 248
35034356424@N01 1339745707.0 19 248
35034356424@N01 1340268911.0 20 249
35034356424@N01 1340278752.0 19 249
35034356424@N01 1340280041.0 19 249
35034356424@N01 1368846019.0 2 259
35034356424@N01 1368867567.0 7 259
35034356424@N01 1373168998.0 12 260
35034356424@N01 1373171429.0 12 260
35034356424@N01 1388480641.0 20 261
35034356424@N01 1388484746.0 20 261
35034356424@N01 1388484902.0 20 261
35034356424@N01 1388491834.0 20 261
35034356424@N01 1394179516.0 21 263
35034356424@N01 1394191370.0 21 263
35034356424@N01 1398249065.0 19 264
35034356424@N01 1398249176.0 19 264
37202464@N04 1391251074.0 9 267
37202464@N04 1391256908.0 20 267
37202464@N04 1397910498.0 17 268
37202464@N04 1397912566.0 17 268
37202464@N04 1397914387.0 17 268
39944549@N03 1356313245.0 6 269
39944549@N03 1356313324.0 6 269
40204125@N08 1218378120.0 22 270
40204125@N08 1218378136.0 22 270
40204125@N08 1218378150.0 22 270
41282011@N00 1312677122.0 1 271
41282011@N00 1312677160.0 1 271
41894175689@N01 1157169791.0 6 274
41894175689@N01 1157169801.0 6 274
41894175689@N01 1157169865.0 6 274
41894175689@N01 1162639442.0 4 275
41894175689@N01 1162641853.0 4 275
41894175689@N01 1162641856.0 4 275
41894175689@N01 1162642489.0 4 275
41894175689@N01 1162642498.0 4 275
41894175689@N01 1162643378.0 4 275
41894175689@N01 1162645983.0 4 275
41894175689@N01 1162646004.0 4 275
41894175689@N01 1162646631.0 4 275
41894175689@N01 1162646898.0 4 275
41894175689@N01 1162650113.0 4 275
41894175689@N01 1162650122.0 4 275
41894175689@N01 1162650508.0 4 275
41894175689@N01 1162651492.0 4 275
41894175689@N01 1162654643.0 4 275
41894175689@N01 1162654651.0 4 275
41894175689@N01 1162986221.0 1 276
41894175689@N01 1162993332.0 1 276
41894175689@N01 1162993351.0 1 276
41894175689@N01 1162993369.0 1 276
41894175689@N01 1164199200.0 1 277
41894175689@N01 1164199205.0 1 277
41894175689@N01 1164200425.0 1 277
41894175689@N01 1164200447.0 1 277
41894175689@N01 1166095516.0 4 278
41894175689@N01 1166095650.0 4 278
41894175689@N01 1166098019.0 4 278
41894175689@N01 1166098715.0 4 278
41894175689@N01 1166100424.0 4 278
41894175689@N01 1166101108.0 4 278
41894175689@N01 1166102067.0 4 278
41894175689@N01 1166102083.0 4 278
41894175689@N01 1166102504.0 4 278
41894175689@N01 1166102512.0 4 278
41894175689@N01 1166108550.0 4 278
41894175689@N01 1166108579.0 4 278
41894175689@N01 1169825804.0 4 279
41894175689@N01 1169825865.0 4 279
41894175689@N01 1172656544.0 22 281
41894175689@N01 1172657120.0 22 281
41894175689@N01 1172658457.0 22 281
41894175689@N01 1172662165.0 22 281
41894175689@N01 1172662879.0 22 281
41894175689@N01 1172662882.0 22 281
41894175689@N01 1172663144.0 22 281
41894175689@N01 1172663649.0 22 281
41894175689@N01 1172830903.0 22 282
41894175689@N01 1172831454.0 22 282
41894175689@N01 1172832453.0 22 282
41894175689@N01 1172832468.0 22 282
41894175689@N01 1172836383.0 22 282
41894175689@N01 1177816746.0 9 283
41894175689@N01 1177820097.0 9 283
41894175689@N01 1177820108.0 9 283
41894175689@N01 1177820244.0 9 283
41894175689@N01 1177820248.0 9 283
41894175689@N01 1177820272.0 9 283
41894175689@N01 1274338850.0 23 284
41894175689@N01 1274339055.0 23 284
42509295@N00 1329909266.0 13 285
42509295@N00 1329909345.0 13 285
42509295@N00 1329909401.0 13 285
42509295@N00 1329909438.0 13 285
42509295@N00 1329909451.0 13 285
42509295@N00 1329909545.0 13 285
42509295@N00 1329909559.0 13 285
42509295@N00 1329909573.0 13 285
42509295@N00 1329909618.0 13 285
42509295@N00 1329909636.0 13 285
42509295@N00 1329909655.0 13 285
42509295@N00 1329909675.0 13 285
42509295@N00 1329909721.0 13 285
42509295@N00 1329909789.0 13 285
42509295@N00 1329909815.0 13 285
42509295@N00 1329909854.0 13 285
42696941@N04 1375586416.0 12 287
42696941@N04 1375586550.0 12 287
42696941@N04 1375586766.0 12 287
42696941@N04 1375587161.0 12 287
42708559@N00 1369120737.0 12 293
42708559@N00 1369120751.0 12 293
42708559@N00 1369120753.0 12 293
42708559@N00 1371627018.0 17 295
42708559@N00 1371627035.0 17 295
42708559@N00 1387438864.0 17 298
42708559@N00 1387438872.0 17 298
42708559@N00 1387438890.0 17 298
42708559@N00 1387438906.0 17 298
42708559@N00 1387438927.0 17 298
42708559@N00 1387438981.0 17 298
42708559@N00 1389682186.0 17 299
42708559@N00 1389682193.0 17 299
42708559@N00 1389682232.0 17 299
44124479801@N01 1294560266.0 20 304
44124479801@N01 1294563274.0 20 304
46778425@N00 1239761616.0 18 308
46778425@N00 1239761788.0 6 308
46778425@N00 1239762023.0 7 308
46778425@N00 1239762105.0 7 308
46778425@N00 1239762120.0 7 308
47147630@N00 1171844222.0 20 309
47147630@N00 1171851527.0 9 309
47147630@N00 1171851536.0 9 309
47365129@N07 1386355550.0 15 311
47365129@N07 1386356045.0 14 311
47365129@N07 1387070490.0 14 312
47365129@N07 1387070532.0 14 312
47365129@N07 1387070570.0 14 312
48148162@N08 1372564252.0 13 314
48148162@N08 1372564409.0 13 314
48148162@N08 1372564661.0 13 314
48148162@N08 1372565148.0 13 314
48148162@N08 1372565198.0 13 314
48148162@N08 1372565437.0 13 314
48148162@N08 1372565677.0 13 314
48148162@N08 1372565738.0 13 314
48148162@N08 1372565800.0 13 314
48148162@N08 1372565848.0 13 314
48148162@N08 1372566435.0 13 314
48148162@N08 1372566815.0 13 314
48148162@N08 1372566822.0 13 314
48148162@N08 1372566826.0 13 314
48148162@N08 1372566833.0 13 314
48148162@N08 1372566839.0 13 314
48148162@N08 1372567064.0 13 314
48148162@N08 1372567126.0 13 314
48148162@N08 1372567133.0 13 314
48148162@N08 1372567142.0 13 314
48148162@N08 1372567289.0 13 314
48148162@N08 1372567374.0 13 314
48148162@N08 1372567396.0 13 314
48148162@N08 1372567644.0 13 314
48148162@N08 1372567806.0 13 314
48148162@N08 1372567816.0 13 314
48148162@N08 1372567852.0 13 314
48148162@N08 1372567862.0 13 314
48148162@N08 1372567869.0 13 314
48148162@N08 1372567876.0 13 314
48148162@N08 1372568002.0 13 314
48148162@N08 1372568070.0 13 314
48148162@N08 1372568109.0 13 314
48148162@N08 1372568235.0 13 314
48148162@N08 1372568438.0 13 314
48148162@N08 1372568565.0 13 314
48148162@N08 1372568572.0 13 314
48148162@N08 1372568577.0 13 314
48148162@N08 1372568585.0 13 314
48148162@N08 1372568602.0 13 314
48148162@N08 1372568878.0 13 314
48148162@N08 1372568888.0 13 314
48148162@N08 1372568894.0 13 314
48148162@N08 1372570490.0 13 314
49192024@N08 1320621516.0 13 315
49192024@N08 1320621564.0 13 315
49192024@N08 1320621627.0 13 315
49192024@N08 1320621659.0 13 315
49192024@N08 1320633184.0 13 315
49192024@N08 1320633434.0 13 315
49192024@N08 1320635239.0 13 315
49192024@N08 1320635263.0 13 315
49503207397@N01 1124049390.0 17 318
49503207397@N01 1124049413.0 17 318
49503207397@N01 1124049562.0 17 318
49503207397@N01 1124843101.0 1 319
49503207397@N01 1124843265.0 1 319
49503207397@N01 1124847844.0 6 319
49503207397@N01 1124848208.0 22 319
49503207397@N01 1246520286.0 6 320
49503207397@N01 1246520589.0 6 320
49503207397@N01 1246520689.0 6 320
49799680@N00 1276998532.0 11 321
49799680@N00 1276998603.0 11 321
49799680@N00 1276998746.0 11 321
49799680@N00 1276998758.0 11 321
49799680@N00 1276998909.0 11 321
50148267@N00 1259987608.0 17 322
50148267@N00 1259999781.0 17 322
50148267@N00 1259999866.0 17 322
50148267@N00 1260000456.0 17 322
51035610516@N01 1380260113.0 17 324
51035610516@N01 1380261646.0 6 324
51035610516@N01 1380261690.0 6 324
51035610516@N01 1380261765.0 6 324
51035610516@N01 1380261812.0 6 324
51035610516@N01 1380261850.0 6 324
51035610516@N01 1380262402.0 6 324
51260961@N05 1176948499.0 12 325
51260961@N05 1176948704.0 12 325
51260961@N05 1176948990.0 12 325
51782720@N00 1185418077.0 6 326
51782720@N00 1185418470.0 6 326
51782720@N00 1185418490.0 6 326
51782720@N00 1185418762.0 6 326
51782720@N00 1185418825.0 6 326
51782720@N00 1185418908.0 6 326
51782720@N00 1185419005.0 6 326
51782720@N00 1185419019.0 6 326
51782720@N00 1185419127.0 6 326
51782720@N00 1185419150.0 6 326
51782720@N00 1185419351.0 6 326
51782720@N00 1185419412.0 6 326
51782720@N00 1185419432.0 6 326
51782720@N00 1185419443.0 6 326
51782720@N00 1185419443.0 6 326
51782720@N00 1185419511.0 6 326
51782720@N00 1185419511.0 6 326
51782720@N00 1185419526.0 6 326
51782720@N00 1185419569.0 6 326
51782720@N00 1185419600.0 6 326
52015062@N00 1169992627.0 1 328
52015062@N00 1169992649.0 1 328
52015062@N00 1169992667.0 1 328
52015062@N00 1169992677.0 1 328
52015062@N00 1169992749.0 1 328
52015062@N00 1169992804.0 1 328
52015062@N00 1169993969.0 1 328
52015062@N00 1169994015.0 1 328
53464892@N00 1161808326.0 6 330
53464892@N00 1161808355.0 6 330
53464892@N00 1161808360.0 6 330
53464892@N00 1161808397.0 6 330
53464892@N00 1161808887.0 6 330
53464892@N00 1161808894.0 6 330
53464892@N00 1161809066.0 6 330
53464892@N00 1161809237.0 6 330
53464892@N00 1161809289.0 6 330
53464892@N00 1161809525.0 6 330
53464892@N00 1161809785.0 6 330
53464892@N00 1161810242.0 6 330
53464892@N00 1161810248.0 6 330
53464892@N00 1161810282.0 6 330
53464892@N00 1161810290.0 6 330
53464892@N00 1161810356.0 6 330
53464892@N00 1161810385.0 6 330
53464892@N00 1161810390.0 6 330
53464892@N00 1161812216.0 6 330
53464892@N00 1161812220.0 6 330
53464892@N00 1161813391.0 6 330
53464892@N00 1161813397.0 6 330
53464892@N00 1161813472.0 6 330
53687491@N00 1390793100.0 20 332
53687491@N00 1390793908.0 20 332
53687491@N00 1390793914.0 20 332
53687491@N00 1390793919.0 20 332
53687491@N00 1390793931.0 20 332
53687491@N00 1390793994.0 20 332
53687491@N00 1390795152.0 20 332
53942725@N00 1303517650.0 22 334
53942725@N00 1303518240.0 7 334
53942725@N00 1303518265.0 7 334
54796434@N00 1166671478.0 22 339
54796434@N00 1166672706.0 19 339
54796434@N00 1166677267.0 19 339
54796434@N00 1166779331.0 17 340
54796434@N00 1166779911.0 17 340
55299057@N00 1388788075.0 18 342
55299057@N00 1388788506.0 18 342
55706193@N00 1338360143.0 13 343
55706193@N00 1338360153.0 13 343
55706193@N00 1338360349.0 13 343
55706193@N00 1338360372.0 13 343
55706193@N00 1338360407.0 13 343
55706193@N00 1338360470.0 13 343
55706193@N00 1338361204.0 13 343
55706193@N00 1338361249.0 13 343
55706193@N00 1338361316.0 13 343
55706193@N00 1338361802.0 13 343
56089141@N07 1381555841.0 6 344
56089141@N07 1381556745.0 6 344
56089141@N07 1381556808.0 6 344
56089141@N07 1381556891.0 6 344
56089141@N07 1381557153.0 6 344
56089141@N07 1381557243.0 6 344
56089141@N07 1381557445.0 6 344
56089141@N07 1381557485.0 6 344
56089141@N07 1381557511.0 6 344
56089141@N07 1381557527.0 6 344
56089141@N07 1381557537.0 6 344
56089141@N07 1381557553.0 6 344
56089141@N07 1381557755.0 6 344
56089141@N07 1381557758.0 6 344
56089141@N07 1381557769.0 6 344
56089141@N07 1381557795.0 6 344
56089141@N07 1381557804.0 6 344
56089141@N07 1381557878.0 6 344
56089141@N07 1381557903.0 6 344
56089141@N07 1381557907.0 6 344
56089141@N07 1381557979.0 6 344
56089141@N07 1381557987.0 6 344
56089141@N07 1381558006.0 6 344
56089141@N07 1381558047.0 6 344
56089141@N07 1381558189.0 6 344
56089141@N07 1381558205.0 6 344
56089141@N07 1381558229.0 6 344
56089141@N07 1381558242.0 6 344
56089141@N07 1381558259.0 6 344
56089141@N07 1381558266.0 6 344
56089141@N07 1381558291.0 6 344
56089141@N07 1381558326.0 6 344
56089141@N07 1381558375.0 6 344
56089141@N07 1381558381.0 6 344
56089141@N07 1381558386.0 6 344
56089141@N07 1381558390.0 6 344
56089141@N07 1381558392.0 6 344
56089141@N07 1381558397.0 6 344
56089141@N07 1381558401.0 6 344
56089141@N07 1381558422.0 6 344
56089141@N07 1381558438.0 6 344
56089141@N07 1381558452.0 6 344
56089141@N07 1381558461.0 6 344
56089141@N07 1381558479.0 6 344
56089141@N07 1381558512.0 6 344
56089141@N07 1381558525.0 6 344
56089141@N07 1381558540.0 6 344
56089141@N07 1381558570.0 6 344
56089141@N07 1381558609.0 6 344
56089141@N07 1381558713.0 6 344
56089141@N07 1381558727.0 6 344
56089141@N07 1381558810.0 6 344
56089141@N07 1381558843.0 6 344
56089141@N07 1381558851.0 6 344
56089141@N07 1381558916.0 6 344
56089141@N07 1381558926.0 6 344
56089141@N07 1381558934.0 6 344
56089141@N07 1381558961.0 6 344
56089141@N07 1381558981.0 6 344
56089141@N07 1381559012.0 6 344
56089141@N07 1381559044.0 6 344
56089141@N07 1381559052.0 6 344
56089141@N07 1381559058.0 6 344
56089141@N07 1381559092.0 6 344
56089141@N07 1381559099.0 6 344
56089141@N07 1381559125.0 6 344
56089141@N07 1381559137.0 6 344
56089141@N07 1381559151.0 6 344
56089141@N07 1381559187.0 6 344
56089141@N07 1381559192.0 6 344
56089141@N07 1381559202.0 6 344
56089141@N07 1381559347.0 6 344
56089141@N07 1381559410.0 6 344
56089141@N07 1381559434.0 6 344
56089141@N07 1381559440.0 6 344
56089141@N07 1381559565.0 6 344
56089141@N07 1381559611.0 6 344
56089141@N07 1381559772.0 6 344
56089141@N07 1381559853.0 6 344
56089141@N07 1381559859.0 6 344
56089141@N07 1381559952.0 6 344
56089141@N07 1381560166.0 6 344
56089141@N07 1381560177.0 6 344
56089141@N07 1381560208.0 6 344
56089141@N07 1381560279.0 6 344
56089141@N07 1381560340.0 6 344
56089141@N07 1381560386.0 6 344
56089141@N07 1381560395.0 6 344
56089141@N07 1381560422.0 6 344
56089141@N07 1381560453.0 6 344
56089141@N07 1381560512.0 6 344
56089141@N07 1381560577.0 6 344
56089141@N07 1381560612.0 6 344
56089141@N07 1381560620.0 6 344
56089141@N07 1381560654.0 6 344
56089141@N07 1381560707.0 6 344
56089141@N07 1381560736.0 6 344
56089141@N07 1381560754.0 6 344
56089141@N07 1381560775.0 6 344
56089141@N07 1381560879.0 6 344
56089141@N07 1381560898.0 6 344
56089141@N07 1381560934.0 6 344
56089141@N07 1381560950.0 6 344
56089141@N07 1381561091.0 6 344
56089141@N07 1381561092.0 6 344
56089141@N07 1381561121.0 6 344
56089141@N07 1381561132.0 6 344
56089141@N07 1381561191.0 6 344
56089141@N07 1381561197.0 6 344
56089141@N07 1381561206.0 6 344
56089141@N07 1381561213.0 6 344
56089141@N07 1381561225.0 6 344
56089141@N07 1381561239.0 6 344
56089141@N07 1381561252.0 6 344
56089141@N07 1381561274.0 6 344
56089141@N07 1381561325.0 6 344
56089141@N07 1381561340.0 6 344
56089141@N07 1381561396.0 6 344
56089141@N07 1381565823.0 6 344
56089141@N07 1381565853.0 6 344
56089141@N07 1381565873.0 6 344
56089141@N07 1381565949.0 6 344
56089141@N07 1381565968.0 6 344
56089141@N07 1381565997.0 6 344
56089141@N07 1381566037.0 6 344
56089141@N07 1381566076.0 6 344
56089141@N07 1381566164.0 6 344
56089141@N07 1381566176.0 6 344
56089141@N07 1381566188.0 6 344
56089141@N07 1381566232.0 6 344
56089141@N07 1381567357.0 6 344
56089141@N07 1381567461.0 6 344
56089141@N07 1381567482.0 6 344
56089141@N07 1381567486.0 6 344
56089141@N07 1381567509.0 6 344
56089141@N07 1381567650.0 6 344
56089141@N07 1381567710.0 6 344
56089141@N07 1381567730.0 6 344
56089141@N07 1381567757.0 6 344
56089141@N07 1381567767.0 6 344
56089141@N07 1381567819.0 6 344
56089141@N07 1381567928.0 6 344
56089141@N07 1381567965.0 6 344
56089141@N07 1381567974.0 6 344
56089141@N07 1381567978.0 6 344
56089141@N07 1381567984.0 6 344
56089141@N07 1381567995.0 6 344
56089141@N07 1381568096.0 6 344
56089141@N07 1381568175.0 6 344
56089141@N07 1381568312.0 6 344
56089141@N07 1381568326.0 6 344
56089141@N07 1381568346.0 6 344
56089141@N07 1381568372.0 6 344
56089141@N07 1381568404.0 6 344
56089141@N07 1381568450.0 6 344
56089141@N07 1381568476.0 6 344
56089141@N07 1381568481.0 6 344
56089141@N07 1381568493.0 6 344
56089141@N07 1381568555.0 6 344
56089141@N07 1381568605.0 6 344
56089141@N07 1381568630.0 6 344
56089141@N07 1381568636.0 6 344
56089141@N07 1381568727.0 6 344
56089141@N07 1381568755.0 6 344
56089141@N07 1381568926.0 6 344
56089141@N07 1381568962.0 6 344
56089141@N07 1381569000.0 6 344
56089141@N07 1381569012.0 6 344
56089141@N07 1381569055.0 6 344
56089141@N07 1381569071.0 6 344
56089141@N07 1381569097.0 6 344
56089141@N07 1381569219.0 6 344
56089141@N07 1381569226.0 6 344
56089141@N07 1381569257.0 6 344
56089141@N07 1381569320.0 6 344
56089141@N07 1381569357.0 6 344
56089141@N07 1381569563.0 6 344
56089141@N07 1381569599.0 6 344
56089141@N07 1381569630.0 6 344
56089141@N07 1381569669.0 6 344
56089141@N07 1381569762.0 6 344
56089141@N07 1381569765.0 6 344
56089141@N07 1381569776.0 6 344
56089141@N07 1381569811.0 6 344
56089141@N07 1381569869.0 6 344
56089141@N07 1381569934.0 6 344
56089141@N07 1381570012.0 6 344
56089141@N07 1381570056.0 6 344
56089141@N07 1381570094.0 6 344
56089141@N07 1381570179.0 6 344
56089141@N07 1381570297.0 6 344
56089141@N07 1381570311.0 6 344
56089141@N07 1381570319.0 6 344
56089141@N07 1381570436.0 6 344
56089141@N07 1381570495.0 6 344
56089141@N07 1381570591.0 6 344
56089141@N07 1381570607.0 6 344
56089141@N07 1381570769.0 6 344
56089141@N07 1381570773.0 6 344
56089141@N07 1381570832.0 6 344
56089141@N07 1381571025.0 6 344
56089141@N07 1381571058.0 6 344
56089141@N07 1381571146.0 6 344
56089141@N07 1381571151.0 6 344
56089141@N07 1381571158.0 6 344
56089141@N07 1381571164.0 6 344
56089141@N07 1381577034.0 6 344
56089141@N07 1381577156.0 6 344
56089141@N07 1381577178.0 6 344
56089141@N07 1381577225.0 6 344
56089141@N07 1381577258.0 6 344
56089141@N07 1381577269.0 6 344
56089141@N07 1381577298.0 6 344
56089141@N07 1381577329.0 6 344
56089141@N07 1381577360.0 6 344
56089141@N07 1381577372.0 6 344
56089141@N07 1381577393.0 6 344
56089141@N07 1381577402.0 6 344
56089141@N07 1381577406.0 6 344
56089141@N07 1381577410.0 6 344
56089141@N07 1381577443.0 6 344
56089141@N07 1381577510.0 6 344
56089141@N07 1381577583.0 6 344
56089141@N07 1381577589.0 6 344
56089141@N07 1381578694.0 6 344
56089141@N07 1381578702.0 6 344
56089141@N07 1381578801.0 6 344
56089141@N07 1381578892.0 6 344
56089141@N07 1381578992.0 6 344
56089141@N07 1381579013.0 6 344
56089141@N07 1381579023.0 6 344
56089141@N07 1381579085.0 6 344
56089141@N07 1381579143.0 6 344
57841116@N03 1326425536.0 6 345
57841116@N03 1326425638.0 1 345
57841116@N03 1326599020.0 7 347
57841116@N03 1326599058.0 7 347
57841116@N03 1326603733.0 1 347
57841116@N03 1326604206.0 1 347
59009185@N08 1310170856.0 17 353
59009185@N08 1310171019.0 17 353
59009185@N08 1310171143.0 17 353
59009185@N08 1310171773.0 17 353
59009185@N08 1310171828.0 17 353
59009185@N08 1310171896.0 17 353
59009185@N08 1310172566.0 17 353
59009185@N08 1310172672.0 17 353
59009185@N08 1310173131.0 17 353
59009185@N08 1310173525.0 17 353
59009185@N08 1310173897.0 17 353
59009185@N08 1310173908.0 17 353
59009185@N08 1310173925.0 17 353
59009185@N08 1310173946.0 17 353
59009185@N08 1310173997.0 17 353
59009185@N08 1310175473.0 17 353
59009185@N08 1310175869.0 17 353
59009185@N08 1310176260.0 17 353
59009185@N08 1310176593.0 17 353
59009185@N08 1310176643.0 17 353
59009185@N08 1310176681.0 17 353
59009185@N08 1310176822.0 17 353
59009185@N08 1310176858.0 17 353
59009185@N08 1310784585.0 17 355
59009185@N08 1310784687.0 17 355
59009185@N08 1310784736.0 17 355
59009185@N08 1310784762.0 17 355
59009185@N08 1310868218.0 17 356
59009185@N08 1310868278.0 17 356
59009185@N08 1310873406.0 17 356
59874422@N00 1158920240.0 17 362
59874422@N00 1158920416.0 17 362
59874422@N00 1158920695.0 17 362
59874422@N00 1158920751.0 17 362
59874422@N00 1158920813.0 17 362
59874422@N00 1158920879.0 17 362
59874422@N00 1158921001.0 17 362
59874422@N00 1158921030.0 17 362
59874422@N00 1158921288.0 17 362
59874422@N00 1192645808.0 1 363
59874422@N00 1192645860.0 1 363
59874422@N00 1192703007.0 1 364
59874422@N00 1192703088.0 1 364
59874422@N00 1192703171.0 1 364
59874422@N00 1232807105.0 1 365
59874422@N00 1232807144.0 1 365
59874422@N00 1232807179.0 1 365
59874422@N00 1232807212.0 1 365
62003934@N05 1310807116.0 7 369
62003934@N05 1310807183.0 7 369
62003934@N05 1310807225.0 7 369
62003934@N05 1310807247.0 7 369
62003934@N05 1310807263.0 7 369
62003934@N05 1310807269.0 7 369
62003934@N05 1310807294.0 7 369
62003934@N05 1310807423.0 7 369
62003934@N05 1310807463.0 7 369
63238390@N00 1330136828.0 7 374
63238390@N00 1330136875.0 7 374
63238390@N00 1330137024.0 7 374
63238390@N00 1330137215.0 6 374
63238390@N00 1330138315.0 18 374
63238390@N00 1330140388.0 3 374
63238390@N00 1343537166.0 6 375
63238390@N00 1343537226.0 6 375
63238390@N00 1350456391.0 15 376
63238390@N00 1350456541.0 15 376
63238390@N00 1364078214.0 2 381
63238390@N00 1364078401.0 6 381
63238390@N00 1364078454.0 6 381
64551192@N07 1314510072.0 20 385
64551192@N07 1314512242.0 3 385
65072601@N00 1230084705.0 17 386
65072601@N00 1230085178.0 17 386
65072601@N00 1230099032.0 20 386
65072601@N00 1230099126.0 20 386
65072601@N00 1230099162.0 20 386
65072601@N00 1230342919.0 20 387
65072601@N00 1230343431.0 20 387
65072601@N00 1230344326.0 18 387
65072601@N00 1230345035.0 6 387
65072601@N00 1230345216.0 7 387
65072601@N00 1230345346.0 7 387
65072601@N00 1230345493.0 7 387
65072601@N00 1230345938.0 1 387
65072601@N00 1230354934.0 17 387
65072601@N00 1230355444.0 13 387
65072601@N00 1230584979.0 4 388
65072601@N00 1230585300.0 9 388
65072601@N00 1230585798.0 12 388
65072601@N00 1230586037.0 17 388
65728875@N00 1265925244.0 18 395
65728875@N00 1265925246.0 18 395
65728875@N00 1265925252.0 18 395
65728875@N00 1265925255.0 18 395
65728875@N00 1265925259.0 18 395
65728875@N00 1265925262.0 18 395
65728875@N00 1265925265.0 18 395
65728875@N00 1265925268.0 18 395
65728875@N00 1265925271.0 18 395
65728875@N00 1265925273.0 18 395
65728875@N00 1295156809.0 11 398
65728875@N00 1295157534.0 11 398
65728875@N00 1295157718.0 11 398
65728875@N00 1295161223.0 11 398
65728875@N00 1295161228.0 11 398
65728875@N00 1295161276.0 11 398
65728875@N00 1295161417.0 11 398
65728875@N00 1295163831.0 11 398
65728875@N00 1295163885.0 11 398
65728875@N00 1295163937.0 11 398
65728875@N00 1295163970.0 11 398
65728875@N00 1295165644.0 11 398
65728875@N00 1300496958.0 22 399
65728875@N00 1300496961.0 15 399
65728875@N00 1300496965.0 21 399
65728875@N00 1314947668.0 20 403
65728875@N00 1314947760.0 20 403
65728875@N00 1314947763.0 20 403
65728875@N00 1314947767.0 20 403
65728875@N00 1314947770.0 20 403
65728875@N00 1319785727.0 17 404
65728875@N00 1319785751.0 17 404
65728875@N00 1319785801.0 17 404
65728875@N00 1319785974.0 17 404
65728875@N00 1319786081.0 17 404
65728875@N00 1319786132.0 17 404
65728875@N00 1319786193.0 17 404
65728875@N00 1319786286.0 17 404
65728875@N00 1319786486.0 17 404
65728875@N00 1319786653.0 17 404
65728875@N00 1319786713.0 17 404
65728875@N00 1319786893.0 17 404
65728875@N00 1319787118.0 17 404
65728875@N00 1319787385.0 17 404
65728875@N00 1319787529.0 17 404
65728875@N00 1319787653.0 17 404
65728875@N00 1319787685.0 17 404
65728875@N00 1319787686.0 17 404
65728875@N00 1319787736.0 17 404
65728875@N00 1319789279.0 17 404
65728875@N00 1319789443.0 17 404
65728875@N00 1319789471.0 17 404
65728875@N00 1319789587.0 17 404
65728875@N00 1319789830.0 17 404
65728875@N00 1322464611.0 18 405
65728875@N00 1322481760.0 1 405
65728875@N00 1322810953.0 20 406
65728875@N00 1322810957.0 20 406
65728875@N00 1322810961.0 20 406
65728875@N00 1322810967.0 20 406
65728875@N00 1322810973.0 20 406
65728875@N00 1322810979.0 20 406
65728875@N00 1322810985.0 20 406
65728875@N00 1322810991.0 20 406
65728875@N00 1325807804.0 17 409
65728875@N00 1325807873.0 17 409
65728875@N00 1326011920.0 3 410
65728875@N00 1326011941.0 3 410
65728875@N00 1330682748.0 13 411
65728875@N00 1330682754.0 13 411
65728875@N00 1330683681.0 13 411
65728875@N00 1330684178.0 13 411
65728875@N00 1330688796.0 13 411
65728875@N00 1330688804.0 13 411
65728875@N00 1333862421.0 3 413
65728875@N00 1333862438.0 3 413
65728875@N00 1333862463.0 3 413
65728875@N00 1333862491.0 3 413
65728875@N00 1333862549.0 3 413
65728875@N00 1333862567.0 3 413
65728875@N00 1333862592.0 3 413
65728875@N00 1336693167.0 3 420
65728875@N00 1336693930.0 3 420
65728875@N00 1336694067.0 3 420
65728875@N00 1336948003.0 17 422
65728875@N00 1336956636.0 20 422
65728875@N00 1336956752.0 20 422
65728875@N00 1342149852.0 2 425
65728875@N00 1342150012.0 2 425
65728875@N00 1346580074.0 20 427
65728875@N00 1346585577.0 20 427
65728875@N00 1346586699.0 20 427
65728875@N00 1351023883.0 3 428
65728875@N00 1351024002.0 3 428
65728875@N00 1351024141.0 3 428
65728875@N00 1351063290.0 3 429
65728875@N00 1351063370.0 3 429
65728875@N00 1354777926.0 23 435
65728875@N00 1354778018.0 23 435
65728875@N00 1357011624.0 17 436
65728875@N00 1357011641.0 17 436
65728875@N00 1357011654.0 17 436
65728875@N00 1357011661.0 17 436
65728875@N00 1358035611.0 17 437
65728875@N00 1358036364.0 1 437
65728875@N00 1358036379.0 1 437
65728875@N00 1358036389.0 1 437
65728875@N00 1358036409.0 1 437
65728875@N00 1358036446.0 1 437
65728875@N00 1358036463.0 1 437
65728875@N00 1358036580.0 1 437
65728875@N00 1358036593.0 1 437
65728875@N00 1358040774.0 1 437
65728875@N00 1358581562.0 3 438
65728875@N00 1358581583.0 3 438
65728875@N00 1358581759.0 3 438
65728875@N00 1358581769.0 3 438
65728875@N00 1358585248.0 3 438
65728875@N00 1358634803.0 3 439
65728875@N00 1358634807.0 3 439
65728875@N00 1358634810.0 3 439
65728875@N00 1359761642.0 1 441
65728875@N00 1359764267.0 20 441
65728875@N00 1359764335.0 23 441
65728875@N00 1359848000.0 13 442
65728875@N00 1359850964.0 13 442
65728875@N00 1359851052.0 13 442
65728875@N00 1360224239.0 13 443
65728875@N00 1360224256.0 13 443
65728875@N00 1360224264.0 13 443
65728875@N00 1360224264.0 13 443
65728875@N00 1360225032.0 13 443
65728875@N00 1360225179.0 13 443
65728875@N00 1360225352.0 13 443
65728875@N00 1360227056.0 13 443
65728875@N00 1360228726.0 13 443
65728875@N00 1360231247.0 13 443
65728875@N00 1360231297.0 13 443
65728875@N00 1360231805.0 13 443
65728875@N00 1360231818.0 13 443
65728875@N00 1360231826.0 13 443
65728875@N00 1360231900.0 13 443
65728875@N00 1360236948.0 3 443
65728875@N00 1360273010.0 13 444
65728875@N00 1360273174.0 13 444
65728875@N00 1360273427.0 13 444
65728875@N00 1361496410.0 4 447
65728875@N00 1361507192.0 4 447
65728875@N00 1361507393.0 4 447
65728875@N00 1361507430.0 4 447
65728875@N00 1361507466.0 4 447
65728875@N00 1361507509.0 4 447
65728875@N00 1361508024.0 4 447
65728875@N00 1361870252.0 13 448
65728875@N00 1361870709.0 13 448
65728875@N00 1361870875.0 13 448
65728875@N00 1361871561.0 13 448
65728875@N00 1361871567.0 13 448
65728875@N00 1362092638.0 11 450
65728875@N00 1362092667.0 11 450
65728875@N00 1362092766.0 11 450
65728875@N00 1362092886.0 11 450
65728875@N00 1362092932.0 11 450
65728875@N00 1362093049.0 11 450
65728875@N00 1362098561.0 11 450
65728875@N00 1362281014.0 12 452
65728875@N00 1362281642.0 12 452
65728875@N00 1362281703.0 12 452
65728875@N00 1362281709.0 12 452
65728875@N00 1362281753.0 12 452
65728875@N00 1362281757.0 12 452
65728875@N00 1362281773.0 12 452
65728875@N00 1362281928.0 12 452
65728875@N00 1362282940.0 12 452
65728875@N00 1362283135.0 12 452
65728875@N00 1362290274.0 12 452
65728875@N00 1362290738.0 12 452
65728875@N00 1364299624.0 9 454
65728875@N00 1364299790.0 9 454
65728875@N00 1364299889.0 9 454
65728875@N00 1364299966.0 9 454
65728875@N00 1368747821.0 17 456
65728875@N00 1368747845.0 17 456
65728875@N00 1368747874.0 17 456
65728875@N00 1368747886.0 17 456
65728875@N00 1368759312.0 17 456
65728875@N00 1368759660.0 17 456
65728875@N00 1368834248.0 17 457
65728875@N00 1368860119.0 17 457
65728875@N00 1369086132.0 17 459
65728875@N00 1369110094.0 6 459
65728875@N00 1369110254.0 7 459
65728875@N00 1370052646.0 13 461
65728875@N00 1370052823.0 13 461
65728875@N00 1370052953.0 13 461
65728875@N00 1370146293.0 13 462
65728875@N00 1370146412.0 13 462
65728875@N00 1370146518.0 13 462
65728875@N00 1370146803.0 13 462
65728875@N00 1370146960.0 13 462
65728875@N00 1371191739.0 3 465
65728875@N00 1371191852.0 3 465
65728875@N00 1372471091.0 3 466
65728875@N00 1372471186.0 3 466
65728875@N00 1372471205.0 3 466
65728875@N00 1372471242.0 3 466
65728875@N00 1372473354.0 3 466
65728875@N00 1372476170.0 3 466
65728875@N00 1372476271.0 3 466
65728875@N00 1372476595.0 3 466
65728875@N00 1372478785.0 3 466
65728875@N00 1372478884.0 3 466
65728875@N00 1372490118.0 3 466
65728875@N00 1372804287.0 3 467
65728875@N00 1372804552.0 3 467
65728875@N00 1379137868.0 20 475
65728875@N00 1379138093.0 20 475
65728875@N00 1379138103.0 20 475
65728875@N00 1379138119.0 20 475
65728875@N00 1379816467.0 20 477
65728875@N00 1379816506.0 20 477
65728875@N00 1379816601.0 20 477
65728875@N00 1379816647.0 20 477
65728875@N00 1379816685.0 20 477
65728875@N00 1379816702.0 20 477
65728875@N00 1379816719.0 20 477
65728875@N00 1384392205.0 3 483
65728875@N00 1384392225.0 3 483
65728875@N00 1384392234.0 3 483
65728875@N00 1384392916.0 3 483
65728875@N00 1384393244.0 3 483
65728875@N00 1384394250.0 3 483
65728875@N00 1384394386.0 3 483
65728875@N00 1384394748.0 3 483
65728875@N00 1384394829.0 3 483
65728875@N00 1384398489.0 13 483
65728875@N00 1384398501.0 13 483
65728875@N00 1384398522.0 13 483
65728875@N00 1384398709.0 13 483
65728875@N00 1384409414.0 7 483
65728875@N00 1390775541.0 20 494
65728875@N00 1390803660.0 9 494
65728875@N00 1391201354.0 3 496
65728875@N00 1391201455.0 3 496
65728875@N00 1391201884.0 3 496
65728875@N00 1391688126.0 13 497
65728875@N00 1391688717.0 13 497
65728875@N00 1392510713.0 9 499
65728875@N00 1392510730.0 9 499
65728875@N00 1397883934.0 3 505
65728875@N00 1397906199.0 20 505
65728875@N00 1397907949.0 20 505
66099107@N00 1315486767.0 1 508
66099107@N00 1315486875.0 6 508
66917829@N03 1384732106.0 13 509
66917829@N03 1384733155.0 3 509
68183366@N05 1328967709.0 1 512
68183366@N05 1328967822.0 7 512
68183366@N05 1328967888.0 7 512
68183366@N05 1349857925.0 13 514
68183366@N05 1349859208.0 13 514
68183366@N05 1349868183.0 13 514
68183366@N05 1350651324.0 17 516
68183366@N05 1350651450.0 17 516
68183366@N05 1359548128.0 3 526
68183366@N05 1359555097.0 3 526
68183366@N05 1360741298.0 13 527
68183366@N05 1360756504.0 3 527
68183366@N05 1392925300.0 13 539
68183366@N05 1392925712.0 13 539
70554732@N00 1339166409.0 1 543
70554732@N00 1339166478.0 1 543
71081860@N08 1365906544.0 17 548
71081860@N08 1365906761.0 17 548
71302744@N00 1354242819.0 17 549
71302744@N00 1354260852.0 17 549
71976771@N00 1347094609.0 7 550
71976771@N00 1347094641.0 7 550
71976771@N00 1347094695.0 7 550
71976771@N00 1347094893.0 7 550
71976771@N00 1347096356.0 7 550
71976771@N00 1347099539.0 7 550
71976771@N00 1347099822.0 7 550
71976771@N00 1347099952.0 7 550
71976771@N00 1347100087.0 7 550
71976771@N00 1347100224.0 7 550
71976771@N00 1347102905.0 7 550
71976771@N00 1347103079.0 7 550
74601184@N00 1305610400.0 17 551
74601184@N00 1305610434.0 12 551
75815807@N00 1190023909.0 4 554
75815807@N00 1190023993.0 4 554
75815807@N00 1190024214.0 4 554
75815807@N00 1190024349.0 4 554
75815807@N00 1190024454.0 4 554
75815807@N00 1190026836.0 4 554
75815807@N00 1190026851.0 4 554
75815807@N00 1190027479.0 4 554
75815807@N00 1381629295.0 13 556
75815807@N00 1381630317.0 13 556
76135747@N00 1157110563.0 4 558
76135747@N00 1157110805.0 4 558
76135747@N00 1157111327.0 4 558
76135747@N00 1157111593.0 4 558
76135747@N00 1157111733.0 4 558
76135747@N00 1157113970.0 4 558
76135747@N00 1157114179.0 4 558
76135747@N00 1157114322.0 4 558
76135747@N00 1157114341.0 4 558
76135747@N00 1157114657.0 4 558
76135747@N00 1157114969.0 4 558
76135747@N00 1157116877.0 4 558
76135747@N00 1157116884.0 4 558
76135747@N00 1157116992.0 4 558
76135747@N00 1157118489.0 4 558
76135747@N00 1157118820.0 4 558
76135747@N00 1161800490.0 21 559
76135747@N00 1161800510.0 21 559
76135747@N00 1161800516.0 21 559
76135747@N00 1161800546.0 21 559
76135747@N00 1161800553.0 21 559
76135747@N00 1161800571.0 21 559
76135747@N00 1161800637.0 21 559
76135747@N00 1161800642.0 21 559
76135747@N00 1161800690.0 21 559
76135747@N00 1161800744.0 21 559
76135747@N00 1161800828.0 21 559
76135747@N00 1161800929.0 21 559
76135747@N00 1161800932.0 21 559
76135747@N00 1161800937.0 21 559
76135747@N00 1161801014.0 21 559
76135747@N00 1161801019.0 21 559
76135747@N00 1161801044.0 21 559
76135747@N00 1161801159.0 21 559
76135747@N00 1161801162.0 21 559
76135747@N00 1161801165.0 21 559
76135747@N00 1161801168.0 21 559
76135747@N00 1161801173.0 21 559
76135747@N00 1161801177.0 21 559
76135747@N00 1161801284.0 21 559
76135747@N00 1161801455.0 21 559
76135747@N00 1161801532.0 21 559
76135747@N00 1161801707.0 21 559
76135747@N00 1161801746.0 21 559
76135747@N00 1161801828.0 21 559
76135747@N00 1161801858.0 21 559
76135747@N00 1161801870.0 21 559
76135747@N00 1161801968.0 21 559
76135747@N00 1221140056.0 4 560
76135747@N00 1221140056.0 4 560
76135747@N00 1221140108.0 4 560
76135747@N00 1221140179.0 4 560
76135747@N00 1221140286.0 4 560
76135747@N00 1221140748.0 4 560
76135747@N00 1221140754.0 4 560
76135747@N00 1221140762.0 4 560
76135747@N00 1221140784.0 4 560
76135747@N00 1221140820.0 4 560
76135747@N00 1221140834.0 4 560
76135747@N00 1221140849.0 4 560
76135747@N00 1221140855.0 4 560
76135747@N00 1221140863.0 4 560
76135747@N00 1221140903.0 4 560
76135747@N00 1221140918.0 4 560
76135747@N00 1221140995.0 4 560
76135747@N00 1221141232.0 4 560
76135747@N00 1221141244.0 4 560
76135747@N00 1221141590.0 4 560
76135747@N00 1221141604.0 4 560
76135747@N00 1221141803.0 4 560
76135747@N00 1221142285.0 4 560
76135747@N00 1221142657.0 4 560
76135747@N00 1221142664.0 4 560
76135747@N00 1221142670.0 4 560
76135747@N00 1221142683.0 4 560
76135747@N00 1221142922.0 4 560
76135747@N00 1221142932.0 4 560
76135747@N00 1221142940.0 4 560
76135747@N00 1221142964.0 4 560
76135747@N00 1221142971.0 4 560
76135747@N00 1221143385.0 4 560
76135747@N00 1221143690.0 4 560
76135747@N00 1221143727.0 4 560
76135747@N00 1221143734.0 4 560
76135747@N00 1221143740.0 4 560
76135747@N00 1221143746.0 4 560
76135747@N00 1221143752.0 4 560
76135747@N00 1221143773.0 4 560
76135747@N00 1221143802.0 4 560
76135747@N00 1221143818.0 4 560
76135747@N00 1221144241.0 4 560
76135747@N00 1221144248.0 4 560
76135747@N00 1221144254.0 4 560
76135747@N00 1221144261.0 4 560
76135747@N00 1221144308.0 4 560
76135747@N00 1221144316.0 4 560
76135747@N00 1221144333.0 4 560
76135747@N00 1221144343.0 4 560
76135747@N00 1221144357.0 4 560
76135747@N00 1221144624.0 4 560
76135747@N00 1221144637.0 4 560
76135747@N00 1221144641.0 4 560
76135747@N00 1221144649.0 4 560
76135747@N00 1221144656.0 4 560
76135747@N00 1221144668.0 4 560
76135747@N00 1221144684.0 4 560
76135747@N00 1221144694.0 4 560
76135747@N00 1221144709.0 4 560
76135747@N00 1221145267.0 4 560
76135747@N00 1221145274.0 4 560
76135747@N00 1221145282.0 4 560
76135747@N00 1221145293.0 4 560
76135747@N00 1221145300.0 4 560
76135747@N00 1221145304.0 4 560
76135747@N00 1221145308.0 4 560
76135747@N00 1221145319.0 4 560
76135747@N00 1221145324.0 4 560
76135747@N00 1221145328.0 4 560
76135747@N00 1237286264.0 4 561
76135747@N00 1237286267.0 4 561
76135747@N00 1237286281.0 4 561
76135747@N00 1237286304.0 4 561
76135747@N00 1237287037.0 4 561
76135747@N00 1237287043.0 4 561
76135747@N00 1237287078.0 4 561
76135747@N00 1237287159.0 4 561
76135747@N00 1237287178.0 4 561
76135747@N00 1237287359.0 4 561
76135747@N00 1237287546.0 4 561
76135747@N00 1237287672.0 4 561
76135747@N00 1237287711.0 4 561
76135747@N00 1237287789.0 4 561
76135747@N00 1237288286.0 4 561
76135747@N00 1237289587.0 4 561
76135747@N00 1237290220.0 4 561
76135747@N00 1237290233.0 4 561
76135747@N00 1237290573.0 4 561
76135747@N00 1237290589.0 4 561
76135747@N00 1237290659.0 4 561
76135747@N00 1237290693.0 4 561
76135747@N00 1237290744.0 4 561
76135747@N00 1237290753.0 4 561
76135747@N00 1237290884.0 4 561
76135747@N00 1237290908.0 4 561
76135747@N00 1237290941.0 4 561
76135747@N00 1242820397.0 4 562
76135747@N00 1242821379.0 4 562
76135747@N00 1242821552.0 4 562
76135747@N00 1242821559.0 4 562
76135747@N00 1242821623.0 4 562
76135747@N00 1242821676.0 4 562
76135747@N00 1242821706.0 4 562
76135747@N00 1242821734.0 4 562
76135747@N00 1242821901.0 4 562
76135747@N00 1242821905.0 4 562
76135747@N00 1242821916.0 4 562
76135747@N00 1242822092.0 4 562
76135747@N00 1242822118.0 4 562
76135747@N00 1242822202.0 4 562
76135747@N00 1242822264.0 4 562
76135747@N00 1242822285.0 4 562
76135747@N00 1242822311.0 4 562
76135747@N00 1242822388.0 4 562
76135747@N00 1242822394.0 4 562
76135747@N00 1242822400.0 4 562
76135747@N00 1242822413.0 4 562
76135747@N00 1242822468.0 4 562
76135747@N00 1242822495.0 4 562
76135747@N00 1242822524.0 4 562
76135747@N00 1242822543.0 4 562
76135747@N00 1242822551.0 4 562
76135747@N00 1242822569.0 4 562
76135747@N00 1242822571.0 4 562
76135747@N00 1242822575.0 4 562
76135747@N00 1242822585.0 4 562
76135747@N00 1242822588.0 4 562
76135747@N00 1242822600.0 4 562
76135747@N00 1242822607.0 4 562
76135747@N00 1242822736.0 4 562
76135747@N00 1242822761.0 4 562
76135747@N00 1242822800.0 4 562
76135747@N00 1242822837.0 4 562
76135747@N00 1242822995.0 4 562
76135747@N00 1242823043.0 4 562
76135747@N00 1242823054.0 4 562
76135747@N00 1242823082.0 4 562
76135747@N00 1242823096.0 4 562
76135747@N00 1242823136.0 4 562
76135747@N00 1242823361.0 4 562
76135747@N00 1242823378.0 4 562
76135747@N00 1242823442.0 4 562
76135747@N00 1242823452.0 4 562
76135747@N00 1242823459.0 4 562
76135747@N00 1242823482.0 4 562
76135747@N00 1242823489.0 4 562
76135747@N00 1242823509.0 4 562
76135747@N00 1242823517.0 4 562
76135747@N00 1242823527.0 4 562
76135747@N00 1242823537.0 4 562
76135747@N00 1242823550.0 4 562
76135747@N00 1242823908.0 4 562
76135747@N00 1242823915.0 4 562
76135747@N00 1242824108.0 4 562
76135747@N00 1242824117.0 4 562
76135747@N00 1242824136.0 4 562
76135747@N00 1242824633.0 4 562
76135747@N00 1242824724.0 4 562
76135747@N00 1242824729.0 4 562
76135747@N00 1242825105.0 4 562
76135747@N00 1242825322.0 4 562
76135747@N00 1242825342.0 4 562
76135747@N00 1242825390.0 4 562
76135747@N00 1242825499.0 4 562
76135747@N00 1242825913.0 4 562
76135747@N00 1242826209.0 4 562
76135747@N00 1242826221.0 4 562
76135747@N00 1242826267.0 4 562
76135747@N00 1242826285.0 4 562
76135747@N00 1265427818.0 13 563
76135747@N00 1265427822.0 13 563
76135747@N00 1265427827.0 13 563
76135747@N00 1265430562.0 13 563
76135747@N00 1265431904.0 13 563
76135747@N00 1265431909.0 13 563
76135747@N00 1265431918.0 13 563
76135747@N00 1265432848.0 13 563
76135747@N00 1265433684.0 13 563
76135747@N00 1265433974.0 13 563
76135747@N00 1265433980.0 13 563
76135747@N00 1265434076.0 13 563
76135747@N00 1265435675.0 13 563
76135747@N00 1265435775.0 13 563
76135747@N00 1265435796.0 13 563
76135747@N00 1265435878.0 13 563
76135747@N00 1265435915.0 13 563
76135747@N00 1265436013.0 13 563
76135747@N00 1265436165.0 13 563
76135747@N00 1265436856.0 13 563
76135747@N00 1265436971.0 13 563
76135747@N00 1265436982.0 13 563
76135747@N00 1265437030.0 13 563
76135747@N00 1265437043.0 13 563
76135747@N00 1265437323.0 13 563
76135747@N00 1265437329.0 13 563
76135747@N00 1265437479.0 13 563
76135747@N00 1265437487.0 13 563
76135747@N00 1265437506.0 13 563
76135747@N00 1265437619.0 13 563
76135747@N00 1265437643.0 13 563
76135747@N00 1265437652.0 13 563
76135747@N00 1265437690.0 13 563
76135747@N00 1265437794.0 13 563
76135747@N00 1265437807.0 13 563
76135747@N00 1265437894.0 13 563
76135747@N00 1265438053.0 13 563
76135747@N00 1265438513.0 13 563
76135747@N00 1265438650.0 13 563
76135747@N00 1265439600.0 13 563
76135747@N00 1265439628.0 13 563
76135747@N00 1265439641.0 13 563
76135747@N00 1265439769.0 13 563
76135747@N00 1265439788.0 13 563
76135747@N00 1265439788.0 13 563
76135747@N00 1265439802.0 13 563
76135747@N00 1265439951.0 13 563
76135747@N00 1265439985.0 13 563
76135747@N00 1265439993.0 13 563
76135747@N00 1265440035.0 13 563
76135747@N00 1265440079.0 13 563
76135747@N00 1265440225.0 13 563
76135747@N00 1265444101.0 13 563
76135747@N00 1265444169.0 13 563
76135747@N00 1265444175.0 13 563
76135747@N00 1265444189.0 13 563
76135747@N00 1265444429.0 13 563
76135747@N00 1265444555.0 13 563
76135747@N00 1265444958.0 13 563
76135747@N00 1265444967.0 13 563
76135747@N00 1265445440.0 13 563
76135747@N00 1265445444.0 13 563
76135747@N00 1265447606.0 13 563
76135747@N00 1265449411.0 13 563
76135747@N00 1265449431.0 13 563
76135747@N00 1265449702.0 13 563
76135747@N00 1265452491.0 13 563
76135747@N00 1265453029.0 13 563
76135747@N00 1265453249.0 13 563
76135747@N00 1265453275.0 13 563
76135747@N00 1265453284.0 13 563
76135747@N00 1265453293.0 13 563
76135747@N00 1265453310.0 13 563
76135747@N00 1265453317.0 13 563
76135747@N00 1265453327.0 13 563
76135747@N00 1265453377.0 13 563
76135747@N00 1265453384.0 13 563
76135747@N00 1265453391.0 13 563
76135747@N00 1265453418.0 13 563
76135747@N00 1265453426.0 13 563
76135747@N00 1265453431.0 13 563
76135747@N00 1265453477.0 13 563
76135747@N00 1265453481.0 13 563
76135747@N00 1265453495.0 13 563
76135747@N00 1265453939.0 13 563
76135747@N00 1265453952.0 13 563
76135747@N00 1265453957.0 13 563
76135747@N00 1265453993.0 13 563
76135747@N00 1265454086.0 13 563
76135747@N00 1265454095.0 13 563
76135747@N00 1265454201.0 13 563
76135747@N00 1265454212.0 13 563
76135747@N00 1265454228.0 13 563
76135747@N00 1265454247.0 13 563
76135747@N00 1265454263.0 13 563
76135747@N00 1265454302.0 13 563
76135747@N00 1265454325.0 13 563
76135747@N00 1265454334.0 13 563
76135747@N00 1265454388.0 13 563
76135747@N00 1270981738.0 7 564
76135747@N00 1270982157.0 7 564
76135747@N00 1270982184.0 7 564
76135747@N00 1270982227.0 7 564
76135747@N00 1270982269.0 7 564
76135747@N00 1270982301.0 7 564
76135747@N00 1270982309.0 7 564
76135747@N00 1270982333.0 7 564
76135747@N00 1270982363.0 7 564
76135747@N00 1270982374.0 7 564
76135747@N00 1270982379.0 7 564
76135747@N00 1270982392.0 7 564
76135747@N00 1270982496.0 7 564
76135747@N00 1270982501.0 7 564
76135747@N00 1270982659.0 7 564
76135747@N00 1270982728.0 7 564
76135747@N00 1270982823.0 7 564
76135747@N00 1270982830.0 7 564
76135747@N00 1270982892.0 7 564
76135747@N00 1270982897.0 7 564
76135747@N00 1270982906.0 7 564
76135747@N00 1270982910.0 7 564
76135747@N00 1270982915.0 7 564
76135747@N00 1270983324.0 7 564
76135747@N00 1270983666.0 7 564
76135747@N00 1270983694.0 7 564
76135747@N00 1270983718.0 7 564
76135747@N00 1270983767.0 7 564
76135747@N00 1270983804.0 7 564
76135747@N00 1270983832.0 7 564
76135747@N00 1270983836.0 7 564
76135747@N00 1270983839.0 7 564
76135747@N00 1270983845.0 7 564
76135747@N00 1270983854.0 7 564
76135747@N00 1270983874.0 7 564
76135747@N00 1270983881.0 7 564
76135747@N00 1270983884.0 7 564
76135747@N00 1270984064.0 7 564
76135747@N00 1270984075.0 7 564
76135747@N00 1270984182.0 7 564
76135747@N00 1270984689.0 7 564
76135747@N00 1270985125.0 7 564
76135747@N00 1270985211.0 7 564
76135747@N00 1270985227.0 7 564
76135747@N00 1270985299.0 7 564
76135747@N00 1270985345.0 7 564
76135747@N00 1285319130.0 6 565
76135747@N00 1285319709.0 6 565
76135747@N00 1285319855.0 6 565
76135747@N00 1285320428.0 6 565
76135747@N00 1285321054.0 6 565
76135747@N00 1285321066.0 6 565
76135747@N00 1285321087.0 6 565
76135747@N00 1285321099.0 6 565
76135747@N00 1285321126.0 6 565
76135747@N00 1285321137.0 6 565
76135747@N00 1285321152.0 6 565
76135747@N00 1285321260.0 6 565
76135747@N00 1285323347.0 6 565
76135747@N00 1285323392.0 6 565
76135747@N00 1285323422.0 6 565
76135747@N00 1285323495.0 6 565
76135747@N00 1285323523.0 6 565
76135747@N00 1285323626.0 6 565
76135747@N00 1285323640.0 6 565
76135747@N00 1285324022.0 6 565
76135747@N00 1285324070.0 6 565
76135747@N00 1285324198.0 6 565
76135747@N00 1285324387.0 6 565
76135747@N00 1285324456.0 6 565
76135747@N00 1285324479.0 6 565
76135747@N00 1285324975.0 6 565
76135747@N00 1285324992.0 6 565
76135747@N00 1285325546.0 6 565
76135747@N00 1285325558.0 6 565
76135747@N00 1285326138.0 6 565
76135747@N00 1285326508.0 6 565
76135747@N00 1285326702.0 6 565
76135747@N00 1285327066.0 6 565
76135747@N00 1285327098.0 6 565
76135747@N00 1285327154.0 6 565
76135747@N00 1285328455.0 6 565
76135747@N00 1285328522.0 6 565
76135747@N00 1285328569.0 6 565
76135747@N00 1285329271.0 6 565
76135747@N00 1285329306.0 6 565
76135747@N00 1285329309.0 6 565
76135747@N00 1285329341.0 6 565
76135747@N00 1285329402.0 6 565
76135747@N00 1285329438.0 6 565
76135747@N00 1285329752.0 6 565
76135747@N00 1285329775.0 6 565
76135747@N00 1285329852.0 6 565
76135747@N00 1285330026.0 6 565
76135747@N00 1285330064.0 6 565
76135747@N00 1286447480.0 20 566
76135747@N00 1286447492.0 20 566
76135747@N00 1286447507.0 20 566
76135747@N00 1286541312.0 20 567
76135747@N00 1286541545.0 20 567
76135747@N00 1286542189.0 20 567
76135747@N00 1286594112.0 18 568
76135747@N00 1286594377.0 18 568
76135747@N00 1286595148.0 18 568
76135747@N00 1286597168.0 18 568
76135747@N00 1286597958.0 18 568
76135747@N00 1286598030.0 18 568
76135747@N00 1286602685.0 18 568
76135747@N00 1286604127.0 18 568
76135747@N00 1286605267.0 18 568
76135747@N00 1286605618.0 18 568
76135747@N00 1286605673.0 18 568
76135747@N00 1286605851.0 18 568
76135747@N00 1286606355.0 18 568
76135747@N00 1286608756.0 18 568
76135747@N00 1286609477.0 18 568
76135747@N00 1286609803.0 18 568
76135747@N00 1286610545.0 18 568
76135747@N00 1286612887.0 18 568
76135747@N00 1286613122.0 18 568
76135747@N00 1286618488.0 18 568
76135747@N00 1286680565.0 18 569
76135747@N00 1286680884.0 18 569
76135747@N00 1286681338.0 18 569
76135747@N00 1286681552.0 18 569
76135747@N00 1286690147.0 18 569
76135747@N00 1286690168.0 18 569
76652633@N00 1290392752.0 7 570
76652633@N00 1290392808.0 7 570
7706223@N02 1297502498.0 13 592
7706223@N02 1297503143.0 13 592
7706223@N02 1297503326.0 13 592
7706223@N02 1326444872.0 21 597
7706223@N02 1326446195.0 21 597
7706223@N02 1326447894.0 21 597
7706223@N02 1332594143.0 20 600
7706223@N02 1332594916.0 20 600
7706223@N02 1332639256.0 20 601
7706223@N02 1332639454.0 20 601
7706223@N02 1332639750.0 20 601
7706223@N02 1332639867.0 20 601
7706223@N02 1332639953.0 20 601
7706223@N02 1332640282.0 20 601
7706223@N02 1332640428.0 20 601
7706223@N02 1332641755.0 20 601
7706223@N02 1332641919.0 20 601
7706223@N02 1332642006.0 20 601
7706223@N02 1332642313.0 20 601
7706223@N02 1332642417.0 20 601
7706223@N02 1332642505.0 20 601
7706223@N02 1332642663.0 20 601
7706223@N02 1332642795.0 20 601
7706223@N02 1332642930.0 20 601
7706223@N02 1332643054.0 20 601
7706223@N02 1332643266.0 20 601
7706223@N02 1335433937.0 3 603
7706223@N02 1335434204.0 3 603
7706223@N02 1342847925.0 13 606
7706223@N02 1342855007.0 3 606
7706223@N02 1360828217.0 21 611
7706223@N02 1360832252.0 21 611
7706223@N02 1360832745.0 21 611
7706223@N02 1360845701.0 21 611
7706223@N02 1362278881.0 11 613
7706223@N02 1362279019.0 11 613
7706223@N02 1362280397.0 11 613
7706223@N02 1364025232.0 7 614
7706223@N02 1364026253.0 7 614
7706223@N02 1366704254.0 20 615
7706223@N02 1366705000.0 20 615
7706223@N02 1366705407.0 20 615
7706223@N02 1366706706.0 20 615
7706223@N02 1366708586.0 20 615
7706223@N02 1366708807.0 20 615
7706223@N02 1366709358.0 20 615
7706223@N02 1366712507.0 20 615
7706223@N02 1368874367.0 6 616
7706223@N02 1368877996.0 7 616
7706223@N02 1373170360.0 12 617
7706223@N02 1373170638.0 12 617
7706223@N02 1377766193.0 3 618
7706223@N02 1377768780.0 13 618
7706223@N02 1381537766.0 1 619
7706223@N02 1381545047.0 1 619
7706223@N02 1381545924.0 17 619
7706223@N02 1388479496.0 20 621
7706223@N02 1388486491.0 20 621
7706223@N02 1394178686.0 21 623
7706223@N02 1394178791.0 21 623
7706223@N02 1394179200.0 21 623
7706223@N02 1394180443.0 21 623
7706223@N02 1394181713.0 21 623
7706223@N02 1394182949.0 21 623
7706223@N02 1394184631.0 21 623
78211664@N00 1165329446.0 23 627
78211664@N00 1165329469.0 23 627
78211664@N00 1165329496.0 23 627
79968372@N00 1283933268.0 3 629
79968372@N00 1283933279.0 3 629
79968372@N00 1283934542.0 3 629
79968372@N00 1283934575.0 3 629
79968372@N00 1283934583.0 3 629
79968372@N00 1283935041.0 3 629
79968372@N00 1283935222.0 3 629
79968372@N00 1283935414.0 3 629
79968372@N00 1283935423.0 3 629
79968372@N00 1283935648.0 3 629
79968372@N00 1283935702.0 3 629
79968372@N00 1283935726.0 3 629
79968372@N00 1283936225.0 3 629
79968372@N00 1283936271.0 3 629
79968372@N00 1283936376.0 3 629
79968372@N00 1283936412.0 3 629
79968372@N00 1283936493.0 3 629
79968372@N00 1283936697.0 3 629
79968372@N00 1283936791.0 3 629
79968372@N00 1283937048.0 3 629
79968372@N00 1283937138.0 3 629
79968372@N00 1283937171.0 3 629
79968372@N00 1283937190.0 3 629
79968372@N00 1283937202.0 3 629
79968372@N00 1283937390.0 3 629
79968372@N00 1283937584.0 3 629
79968372@N00 1283937609.0 3 629
79968372@N00 1283937643.0 3 629
79968372@N00 1283938503.0 3 629
79968372@N00 1283940170.0 3 629
80296347@N00 1213783366.0 3 638
80296347@N00 1213784819.0 3 638
80296347@N00 1213785680.0 3 638
80296347@N00 1213785706.0 3 638
8074405@N06 1227403853.0 6 639
8074405@N06 1227404885.0 6 639
80994469@N00 1316391796.0 3 641
80994469@N00 1316396642.0 3 641
80994469@N00 1316398058.0 3 641
80994469@N00 1316398062.0 3 641
84097316@N00 1288766758.0 1 647
84097316@N00 1288767761.0 1 647
84097316@N00 1288771335.0 1 647
84097316@N00 1288776698.0 1 647
84097316@N00 1302405248.0 13 649
84097316@N00 1302410132.0 3 649
84097316@N00 1338968592.0 3 652
84097316@N00 1338969276.0 3 652
84141057@N00 1260513900.0 19 658
84141057@N00 1260513901.0 19 658
84141057@N00 1274621683.0 20 659
84141057@N00 1274622400.0 23 659
84987970@N00 1296344191.0 17 663
84987970@N00 1296344281.0 17 663
84987970@N00 1296344289.0 17 663
84987970@N00 1296344339.0 17 663
84987970@N00 1296344355.0 17 663
84987970@N00 1296344387.0 17 663
84987970@N00 1296344444.0 17 663
84987970@N00 1296344451.0 17 663
84987970@N00 1296345065.0 17 663
85225246@N00 1257295514.0 20 667
85225246@N00 1257295596.0 20 667
85225246@N00 1257295676.0 20 667
85225246@N00 1257295768.0 20 667
85225246@N00 1257295778.0 20 667
85225246@N00 1257295917.0 20 667
85225246@N00 1257296148.0 20 667
85225246@N00 1257296255.0 20 667
85225246@N00 1257296364.0 20 667
85225246@N00 1257302889.0 20 667
85225246@N00 1257303138.0 20 667
85225246@N00 1257308020.0 20 667
85225246@N00 1257308176.0 20 667
85225246@N00 1257309392.0 20 667
85225246@N00 1257309418.0 20 667
85225246@N00 1257310989.0 20 667
85225246@N00 1257314355.0 20 667
85225246@N00 1257314484.0 20 667
85225246@N00 1257316318.0 20 667
85225246@N00 1257421333.0 20 668
85225246@N00 1257421341.0 20 668
85225246@N00 1257421344.0 20 668
85225246@N00 1257421697.0 20 668
85225246@N00 1257421945.0 20 668
86978295@N00 1340741860.0 17 669
86978295@N00 1340744144.0 17 669
86978295@N00 1341173219.0 20 670
86978295@N00 1341173446.0 3 670
86978295@N00 1347575119.0 21 676
86978295@N00 1347575486.0 21 676
86978295@N00 1347630531.0 21 677
86978295@N00 1347630702.0 21 677
86978295@N00 1353727580.0 1 678
86978295@N00 1353727658.0 1 678
86978295@N00 1359782464.0 12 680
86978295@N00 1359784538.0 12 680
86978295@N00 1359804702.0 12 680
86978295@N00 1359805127.0 12 680
87232391@N00 1365299906.0 1 682
87232391@N00 1365300144.0 1 682
87232391@N00 1365300889.0 1 682
87232391@N00 1365301394.0 1 682
87232391@N00 1365301405.0 1 682
87232391@N00 1365301439.0 1 682
87232391@N00 1365302138.0 1 682
87232391@N00 1366337713.0 1 683
87232391@N00 1366337970.0 1 683
87232391@N00 1366338276.0 1 683
87232391@N00 1366338372.0 1 683
87425632@N00 1132617747.0 7 684
87425632@N00 1132620645.0 7 684
88366256@N05 1339920147.0 1 685
88366256@N05 1339920170.0 1 685
89165847@N00 1374806611.0 20 686
89165847@N00 1374806668.0 20 686
89165847@N00 1374806713.0 20 686
89197104@N00 1264519902.0 1 687
89197104@N00 1264519905.0 1 687
92095273@N00 1258254441.0 6 691
92095273@N00 1258254657.0 6 691
92095273@N00 1258258942.0 7 691
92095273@N00 1260600020.0 6 694
92095273@N00 1260600036.0 6 694
92095273@N00 1260603395.0 18 694
92095273@N00 1260603404.0 18 694
92095273@N00 1260606609.0 18 694
96951910@N00 1117597129.0 7 702
96951910@N00 1117608210.0 7 702
96951910@N00 1117608210.0 7 702
