0 1 2156
0 2 1361
0 3 2260
0 4 1367
0 5 1165
0 6 1499
0 7 2595
0 8 775
0 9 898
0 10 1936
0 11 2590
0 12 2895
0 13 657
0 14 940
0 15 684
0 16 1433
0 17 637
0 18 874
0 19 1456
0 20 3254
0 21 1935
0 22 1196
0 23 904
0 24 1517
0 25 725
0 26 4511
0 27 1049
0 28 3986
0 29 390
0 30 2321
0 31 297
0 32 1414
0 33 1174
0 34 1150
0 35 675
0 36 675
0 37 1422
0 38 1623
0 39 1245
0 40 1453
0 41 1216
0 42 1391
0 43 680
0 44 236
0 45 368
0 46 1230
0 47 3082
0 48 2000
0 49 1067
0 50 501
0 51 1599
0 52 1369
0 53 2117
0 55 1019
0 56 1082
0 57 1414
0 58 2721
0 59 2414
0 60 1804
0 61 3217
0 62 1292
0 63 988
0 65 3821
0 66 2697
0 67 397
0 68 624
0 69 1856
0 70 580
0 71 510
0 72 1543
0 73 1887
0 74 1268
0 75 339
0 76 1513
0 77 3483
0 78 1173
0 79 1557
0 80 3014
0 81 307
0 82 473
0 84 1268
0 85 1554
0 86 3831
1 0 2172
1 2 2441
1 3 2679
1 4 1783
1 5 1708
1 6 3083
1 7 2679
1 8 1581
1 9 1662
1 10 3574
1 11 3339
1 12 4682
1 13 1704
1 14 1425
1 15 1771
1 16 1478
1 17 1715
1 18 1660
1 19 1330
1 20 4916
1 21 1468
1 22 1782
1 23 1651
1 24 1861
1 25 1418
1 26 5469
1 27 1209
1 28 3535
1 29 2154
1 30 2643
1 31 2320
1 32 2992
1 33 3130
1 34 3085
1 35 1755
1 36 1755
1 37 1841
1 38 1161
1 39 2346
1 40 2533
1 41 1738
1 42 1308
1 43 2623
1 44 2094
1 45 1826
1 46 983
1 47 919
1 48 2418
1 49 3009
1 50 1860
1 51 2696
1 52 3332
1 53 538
1 55 2646
1 56 3005
1 57 2992
1 58 3617
1 59 3310
1 60 2700
1 61 1082
1 62 3255
1 63 2718
1 65 3655
1 66 3724
1 67 2277
1 68 2243
1 69 2273
1 70 1789
1 71 1988
1 72 2881
1 73 1141
1 74 3174
1 75 2355
1 76 3449
1 77 3023
1 78 2539
1 79 3174
1 80 919
1 81 2043
1 82 1842
1 84 1538
1 85 853
1 86 1736
2 0 1232
2 1 2221
2 3 1404
2 4 990
2 5 2239
2 6 954
2 7 2044
2 8 748
2 9 617
2 10 1390
2 11 1393
2 12 3355
2 13 783
2 14 952
2 15 857
2 16 1158
2 17 811
2 18 687
2 19 1180
2 20 3999
2 21 1510
2 22 769
2 23 716
2 24 1004
2 25 1536
2 26 5501
2 27 1588
2 28 3489
2 29 1622
2 30 1769
2 31 1317
2 32 1159
2 33 1973
2 34 2116
2 35 598
2 36 598
2 37 796
2 38 1460
2 39 133
2 40 181
2 41 924
2 42 1253
2 43 1685
2 44 1078
2 45 1410
2 46 2023
2 47 3000
2 48 667
2 49 2058
2 50 754
2 51 397
2 52 1711
2 53 2042
2 55 1017
2 56 1394
2 57 1159
2 58 4029
2 59 3721
2 60 3082
2 61 3142
2 62 1648
2 63 1089
2 65 3269
2 66 3791
2 67 1272
2 68 725
2 69 611
2 70 682
2 71 745
2 72 669
2 73 1719
2 74 1930
2 75 1352
2 76 2278
2 77 2986
2 78 337
2 79 1085
2 80 3081
2 81 1125
2 82 869
2 84 982
2 85 1542
2 86 3898
3 0 2066
3 1 2482
3 2 1317
3 4 830
3 5 3072
3 6 2278
3 7 653
3 8 1596
3 9 1369
3 10 2716
3 11 890
3 12 4529
3 13 1631
3 14 1804
3 15 1719
3 16 1085
3 17 1672
3 18 1523
3 19 1210
3 20 5077
3 21 1313
3 22 966
3 23 1445
3 24 719
3 25 2369
3 26 6334
3 27 2404
3 28 2120
3 29 2455
3 30 490
3 31 2151
3 32 2467
3 33 2973
3 34 2949
3 35 1446
3 36 1446
3 37 770
3 38 1554
3 39 1455
3 40 1313
3 41 960
3 42 1735
3 43 2518
3 44 1911
3 45 2247
3 46 2857
3 47 2804
3 48 726
3 49 2891
3 50 1587
3 51 1418
3 52 2912
3 53 2420
3 55 2205
3 56 2582
3 57 2467
3 58 4862
3 59 4554
3 60 3915
3 61 2945
3 62 2836
3 63 2277
3 65 1863
3 66 4624
3 67 2105
3 68 1880
3 69 752
3 70 1515
3 71 1609
3 72 1820
3 73 1519
3 74 3085
3 75 2185
3 76 3312
3 77 1699
3 78 1658
3 79 2408
3 80 3297
3 81 1958
3 82 1702
3 84 1011
3 85 2329
3 86 4114
4 0 1282
4 1 1691
4 2 1049
4 3 936
4 5 2287
4 6 2007
4 7 1229
4 8 789
4 9 574
4 10 2443
4 11 1692
4 12 3921
4 13 824
4 14 986
4 15 911
4 16 338
4 17 864
4 18 716
4 19 420
4 20 4293
4 21 583
4 22 311
4 23 650
4 24 150
4 25 1584
4 26 5550
4 27 1619
4 28 2624
4 29 1671
4 30 955
4 31 1367
4 32 2034
4 33 2189
4 34 2165
4 35 690
4 36 690
4 37 358
4 38 763
4 39 1187
4 40 1027
4 41 252
4 42 944
4 43 1734
4 44 1127
4 45 1456
4 46 2072
4 47 2056
4 48 795
4 49 2107
4 50 803
4 51 1178
4 52 2391
4 53 1629
4 55 1725
4 56 2104
4 57 2034
4 58 4078
4 59 3770
4 60 3131
4 61 2198
4 62 2315
4 63 1789
4 65 2468
4 66 3840
4 67 1321
4 68 1282
4 69 650
4 70 732
4 71 955
4 72 1599
4 73 771
4 74 2233
4 75 1401
4 76 2528
4 77 2121
4 78 1390
4 79 2137
4 80 2506
4 81 1175
4 82 918
4 84 220
4 85 1538
4 86 3323
5 0 1160
5 1 1694
5 2 2375
5 3 3275
5 4 2382
5 6 2524
5 7 3539
5 8 1515
5 9 1753
5 10 2961
5 11 3604
5 12 3176
5 13 1487
5 14 1344
5 15 1507
5 16 2091
5 17 1451
5 18 1607
5 19 1951
5 20 3409
5 21 2327
5 22 2211
5 23 1667
5 24 2532
5 25 740
5 26 4001
5 27 878
5 28 4618
5 29 1017
5 30 3313
5 31 1358
5 32 2400
5 33 1891
5 34 1627
5 35 1690
5 36 1690
5 37 2437
5 38 1841
5 39 2259
5 40 2467
5 41 2230
5 42 1608
5 43 1325
5 44 1199
5 45 918
5 46 762
5 47 2628
5 48 3015
5 49 1485
5 50 1516
5 51 2614
5 52 2431
5 53 1692
5 55 2081
5 56 2144
5 57 2400
5 58 2111
5 59 1804
5 60 1194
5 61 2763
5 62 2355
5 63 2051
5 65 4515
5 66 2219
5 67 1472
5 68 1655
5 69 2871
5 70 1594
5 71 1530
5 72 2563
5 73 2015
5 74 1935
5 75 1448
5 76 1982
5 77 4106
5 78 2183
5 79 2582
5 80 2552
5 81 1308
5 82 1384
5 84 2129
5 85 1129
5 86 3369
6 0 1422
6 1 2988
6 2 1000
6 3 2378
6 4 1994
6 5 2445
6 7 3017
6 8 1453
6 9 1575
6 10 522
6 11 1884
6 12 2536
6 13 1335
6 14 1616
6 15 1362
6 16 2127
6 17 1316
6 18 1551
6 19 2150
6 20 3181
6 21 2515
6 22 1729
6 23 1581
6 24 2009
6 25 1746
6 26 4830
6 27 1870
6 28 4500
6 29 1812
6 30 2743
6 31 1507
6 32 397
6 33 1691
6 34 1862
6 35 1303
6 36 1303
6 37 1769
6 38 2427
6 39 854
6 40 1074
6 41 1885
6 42 2195
6 43 1789
6 44 1284
6 45 1610
6 46 2234
6 47 3910
6 48 1640
6 49 1854
6 50 1184
6 51 948
6 52 811
6 53 2938
6 55 736
6 56 789
6 57 397
6 58 4041
6 59 3734
6 60 3095
6 61 4045
6 62 960
6 63 745
6 65 4243
6 66 3803
6 67 1433
6 68 846
6 69 1616
6 70 1263
6 71 1034
6 72 470
6 73 2688
6 74 1648
6 75 1434
6 76 1742
6 77 3991
6 78 633
6 79 169
6 80 3846
6 81 1335
6 82 1167
6 84 1943
6 85 2375
6 86 4663
7 0 2405
7 1 2484
7 2 1963
7 3 654
7 4 1124
7 5 3347
7 6 2924
7 8 1913
7 9 1697
7 10 3362
7 11 1185
7 12 5044
7 13 1948
7 14 2069
7 15 2034
7 16 1337
7 17 1987
7 18 1852
7 19 1492
7 20 5417
7 21 1229
7 22 1444
7 23 1774
7 24 985
7 25 2643
7 26 6673
7 27 2456
7 28 1555
7 29 2795
7 30 284
7 31 2490
7 32 3113
7 33 3312
7 34 3288
7 35 1813
7 36 1813
7 37 1361
7 38 1659
7 39 2102
7 40 1960
7 41 1377
7 42 1839
7 43 2857
7 44 2250
7 45 2538
7 46 2991
7 47 2723
7 48 1373
7 49 3230
7 50 1926
7 51 2064
7 52 3515
7 53 2423
7 55 2832
7 56 3229
7 57 3113
7 58 5201
7 59 4894
7 60 4255
7 61 2865
7 62 3438
7 63 2904
7 65 1348
7 66 4963
7 67 2444
7 68 2406
7 69 1398
7 70 1855
7 71 2078
7 72 2466
7 73 1546
7 74 3356
7 75 2525
7 76 3651
7 77 1052
7 78 2305
7 79 3054
7 80 3299
7 81 2298
7 82 2041
7 84 1334
7 85 2320
7 86 4116
8 0 760
8 1 1554
8 2 860
8 3 1768
8 4 860
8 5 1493
8 6 1521
8 7 2092
8 9 208
8 10 2011
8 11 2125
8 12 3400
8 13 124
8 14 195
8 15 202
8 16 662
8 17 156
8 18 81
8 19 684
8 20 3772
8 21 1160
8 22 690
8 23 123
8 24 1010
8 25 790
8 26 5029
8 27 840
8 28 3259
8 29 1150
8 30 1814
8 31 845
8 32 1513
8 33 1667
8 34 1644
8 35 175
8 36 175
8 37 930
8 38 968
8 39 765
8 40 952
8 41 709
8 42 736
8 43 1213
8 44 606
8 45 662
8 46 1277
8 47 2436
8 48 1503
8 49 1586
8 50 282
8 51 1115
8 52 1870
8 53 1472
8 55 1219
8 56 1578
8 57 1513
8 58 3377
8 59 3069
8 60 2459
8 61 2571
8 62 1794
8 63 1291
8 65 3110
8 66 3319
8 67 800
8 68 761
8 69 1358
8 70 210
8 71 433
8 72 1301
8 73 1228
8 74 1712
8 75 880
8 76 2007
8 77 2756
8 78 958
8 79 1651
8 80 2412
8 81 653
8 82 342
8 84 663
8 85 909
8 86 3229
9 0 863
9 1 1612
9 2 729
9 3 1530
9 4 624
9 5 1717
9 6 1627
9 7 1852
9 8 195
9 10 2118
9 11 2073
9 12 3502
9 13 317
9 14 417
9 15 395
9 16 544
9 17 349
9 18 136
9 19 577
9 20 3875
9 21 1051
9 22 453
9 23 84
9 24 774
9 25 1013
9 26 5132
9 27 1049
9 28 3150
9 29 1253
9 30 1578
9 31 948
9 32 1615
9 33 1770
9 34 1746
9 35 271
9 36 271
9 37 692
9 38 850
9 39 860
9 40 918
9 41 473
9 42 618
9 43 1315
9 44 708
9 45 885
9 46 1501
9 47 2397
9 48 1257
9 49 1689
9 50 385
9 51 1134
9 52 1973
9 53 1433
9 55 1307
9 56 1686
9 57 1615
9 58 3659
9 59 3352
9 60 2713
9 61 2532
9 62 1896
9 63 1371
9 65 3001
9 66 3421
9 67 903
9 68 864
9 69 1113
9 70 313
9 71 536
9 72 1395
9 73 1099
9 74 1814
9 75 983
9 76 2110
9 77 2647
9 78 1065
9 79 1757
9 80 2471
9 81 756
9 82 500
9 84 525
9 85 970
9 86 3288
10 0 1846
10 1 3458
10 2 1426
10 3 2799
10 4 2420
10 5 2869
10 6 511
10 7 3439
10 8 1923
10 9 2045
10 11 2305
10 12 2337
10 13 1806
10 14 2086
10 15 1832
10 16 2597
10 17 1786
10 18 2022
10 19 2620
10 20 2981
10 21 2940
10 22 2200
10 23 2051
10 24 2434
10 25 2171
10 26 4630
10 27 2340
10 28 4921
10 29 2179
10 30 3164
10 31 1931
10 32 696
10 33 1845
10 34 1955
10 35 1773
10 36 1773
10 37 2239
10 38 2897
10 39 1279
10 40 1500
10 41 2355
10 42 2665
10 43 2033
10 44 1709
10 45 2035
10 46 2658
10 47 4380
10 48 2062
10 49 2067
10 50 1655
10 51 1369
10 52 959
10 53 3408
10 55 1160
10 56 963
10 57 696
10 58 4162
10 59 3854
10 60 3215
10 61 4515
10 62 1135
10 63 1169
10 65 4664
10 66 3783
10 67 1698
10 68 1270
10 69 2037
10 70 1733
10 71 1504
10 72 892
10 73 3159
10 74 1802
10 75 1650
10 76 1698
10 77 4416
10 78 1059
10 79 402
10 80 4317
10 81 1760
10 82 1638
10 84 2413
10 85 2845
10 86 5133
11 0 2489
11 1 3199
11 2 1429
11 3 971
11 4 1667
11 5 3496
11 6 1870
11 7 1268
11 8 2044
11 9 1996
11 10 2307
11 12 4367
11 13 2040
11 14 2209
11 15 2114
11 16 1895
11 17 2068
11 18 2037
11 19 1928
11 20 5011
11 21 2187
11 22 1689
11 23 2066
11 24 1623
11 25 2793
11 26 6660
11 27 2846
11 28 2727
11 29 2879
11 30 1119
11 31 2574
11 32 2184
11 33 3229
11 34 3373
11 35 1894
11 36 1894
11 37 1531
11 38 2272
11 39 1351
11 40 1339
11 41 1678
11 42 2429
11 43 2942
11 44 2335
11 45 2666
11 46 3280
11 47 3677
11 48 1051
11 49 3315
11 50 2011
11 51 1118
11 52 2641
11 53 3138
11 55 2290
11 56 2595
11 57 2184
11 58 5286
11 59 4978
11 60 4339
11 61 3819
11 62 2767
11 63 2362
11 65 2470
11 66 5048
11 67 2529
11 68 1981
11 69 1126
11 70 1939
11 71 2002
11 72 1412
11 73 2392
11 74 3186
11 75 2609
11 76 3534
11 77 2313
11 78 1495
11 79 2000
11 80 4014
11 81 2382
11 82 2126
11 84 1728
11 85 2892
11 86 4831
12 0 2875
12 1 4633
12 2 3489
12 3 4704
12 4 3962
12 5 3142
12 6 2595
12 7 5191
12 8 3370
12 9 3493
12 10 2408
12 11 4439
12 13 3253
12 14 3535
12 15 3279
12 16 4028
12 17 3233
12 18 3470
12 19 4051
12 20 644
12 21 4530
12 22 3792
12 23 3499
12 24 4112
12 25 3382
12 26 3282
12 27 3732
12 28 6581
12 29 2795
12 30 4916
12 31 2862
12 32 2359
12 33 2095
12 34 2028
12 35 3271
12 36 3271
12 37 3923
12 38 4306
12 39 3370
12 40 3581
12 41 3811
12 42 4074
12 43 2346
12 44 2844
12 45 3202
12 46 3701
12 47 5567
12 48 4142
12 49 2140
12 50 3097
12 51 3503
12 52 1994
12 53 4631
12 55 2405
12 56 2205
12 57 2359
12 58 3066
12 59 3136
12 60 2497
12 61 5702
12 62 2254
12 63 2374
12 65 6416
12 66 2520
12 67 2598
12 68 2761
12 69 3997
12 70 3175
12 71 3106
12 72 3026
12 73 4571
12 74 2139
12 75 2556
12 76 1538
12 77 6078
12 78 3181
12 79 2431
12 80 5492
12 81 2821
12 82 3069
12 84 3863
12 85 4068
12 86 6308
13 0 640
13 1 1676
13 2 892
13 3 1801
13 4 893
13 5 1461
13 6 1391
13 7 2121
13 8 121
13 9 335
13 10 1881
13 11 2124
13 12 3280
13 14 289
13 15 78
13 16 788
13 17 32
13 18 208
13 19 811
13 20 3652
13 21 1286
13 22 722
13 23 250
13 24 1043
13 25 758
13 26 4909
13 27 818
13 28 3385
13 29 1030
13 30 1847
13 31 725
13 32 1393
13 33 1547
13 34 1524
13 35 207
13 36 207
13 37 963
13 38 1090
13 39 779
13 40 984
13 41 741
13 42 857
13 43 1093
13 44 486
13 45 630
13 46 1245
13 47 2558
13 48 1535
13 49 1466
13 50 162
13 51 1134
13 52 1750
13 53 1593
13 55 1084
13 56 1463
13 57 1393
13 58 3345
13 59 3037
13 60 2427
13 61 2693
13 62 1674
13 63 1148
13 65 3236
13 66 3199
13 67 680
13 68 641
13 69 1391
13 70 165
13 71 313
13 72 1256
13 73 1350
13 74 1591
13 75 760
13 76 1887
13 77 2882
13 78 855
13 79 1521
13 80 2534
13 81 533
13 82 277
13 84 788
13 85 1030
13 86 3351
14 0 914
14 1 1392
14 2 1060
14 3 1965
14 4 1051
14 5 1301
14 6 1672
14 7 2225
14 8 183
14 9 418
14 10 2162
14 11 2284
14 12 3554
14 13 279
14 15 346
14 16 756
14 17 291
14 18 272
14 19 688
14 20 3926
14 21 1067
14 22 882
14 23 333
14 24 1198
14 25 597
14 26 5183
14 27 637
14 28 3393
14 29 1119
14 30 1980
14 31 999
14 32 1655
14 33 1821
14 34 1798
14 35 357
14 36 357
14 37 1127
14 38 802
14 39 939
14 40 1152
14 41 901
14 42 570
14 43 1367
14 44 760
14 45 694
14 46 1085
14 47 2272
14 48 1701
14 49 1740
14 50 436
14 51 1294
14 52 1995
14 53 1308
14 55 1309
14 56 1668
14 57 1655
14 58 3184
14 59 2877
14 60 2267
14 61 2407
14 62 1918
14 63 1381
14 65 3244
14 66 3224
14 67 954
14 68 906
14 69 1556
14 70 364
14 71 576
14 72 1470
14 73 1062
14 74 1865
14 75 1034
14 76 2161
14 77 2890
14 78 1123
14 79 1801
14 80 2250
14 81 764
14 82 430
14 84 795
14 85 745
14 86 3067
15 0 674
15 1 1751
15 2 980
15 3 1901
15 4 986
15 5 1488
15 6 1424
15 7 2214
15 8 207
15 9 420
15 10 1915
15 11 2206
15 12 3313
15 13 85
15 14 362
15 16 873
15 17 50
15 18 293
15 19 896
15 20 3686
15 21 1373
15 22 815
15 23 336
15 24 1136
15 25 784
15 26 4943
15 27 845
15 28 3472
15 29 1064
15 30 1940
15 31 759
15 32 1426
15 33 1581
15 34 1557
15 35 294
15 36 294
15 37 1063
15 38 1158
15 39 861
15 40 1072
15 41 835
15 42 958
15 43 1126
15 44 519
15 45 656
15 46 1272
15 47 2633
15 48 1619
15 49 1499
15 50 195
15 51 1216
15 52 1784
15 53 1669
15 55 1118
15 56 1497
15 57 1426
15 58 3371
15 59 3064
15 60 2454
15 61 2768
15 62 1707
15 63 1182
15 65 3323
15 66 3232
15 67 713
15 68 675
15 69 1475
15 70 199
15 71 347
15 72 1289
15 73 1422
15 74 1625
15 75 794
15 76 1920
15 77 2969
15 78 889
15 79 1554
15 80 2609
15 81 567
15 82 310
15 84 876
15 85 1106
15 86 3426
16 0 1378
16 1 1426
16 2 1257
16 3 1229
16 4 373
16 5 2034
16 6 2158
16 7 1473
16 8 629
16 9 526
16 10 2648
16 11 1983
16 12 4018
16 13 753
16 14 731
16 15 832
16 17 777
16 18 551
16 19 155
16 20 4390
16 21 502
16 22 439
16 23 528
16 24 443
16 25 1331
16 26 5647
16 27 1366
16 28 2639
16 29 1768
16 30 1225
16 31 1464
16 32 2134
16 33 2286
16 34 2262
16 35 804
16 36 804
16 37 485
16 38 499
16 39 1394
16 40 1256
16 41 382
16 42 677
16 43 1831
16 44 1224
16 45 1230
16 46 1819
16 47 1958
16 48 1062
16 49 2204
16 50 911
16 51 1384
16 52 2473
16 53 1365
16 55 1787
16 56 2146
16 57 2134
16 58 3918
16 59 3610
16 60 3000
16 61 2100
16 62 2397
16 63 1859
16 65 2490
16 66 3937
16 67 1418
16 68 1384
16 69 917
16 70 839
16 71 1063
16 72 1785
16 73 592
16 74 2330
16 75 1498
16 76 2625
16 77 2136
16 78 1587
16 79 2288
16 80 2242
16 81 1242
16 82 916
16 84 182
16 85 1271
16 86 3059
17 0 625
17 1 1692
17 2 930
17 3 1852
17 4 936
17 5 1429
17 6 1375
17 7 2165
17 8 157
17 9 371
17 10 1866
17 11 2156
17 12 3264
17 13 36
17 14 303
17 15 47
17 16 814
17 18 296
17 19 837
17 20 3636
17 21 1314
17 22 766
17 23 355
17 24 1087
17 25 726
17 26 4893
17 27 786
17 28 3413
17 29 1014
17 30 1891
17 31 710
17 32 1377
17 33 1532
17 34 1508
17 35 245
17 36 245
17 37 1013
17 38 1099
17 39 811
17 40 1022
17 41 785
17 42 899
17 43 1077
17 44 470
17 45 598
17 46 1213
17 47 2574
17 48 1570
17 49 1450
17 50 146
17 51 1166
17 52 1734
17 53 1610
17 55 1068
17 56 1447
17 57 1377
17 58 3313
17 59 3005
17 60 2395
17 61 2709
17 62 1658
17 63 1132
17 65 3264
17 66 3183
17 67 664
17 68 625
17 69 1426
17 70 149
17 71 298
17 72 1240
17 73 1364
17 74 1576
17 75 744
17 76 1871
17 77 2910
17 78 839
17 79 1505
17 80 2551
17 81 518
17 82 261
17 84 817
17 85 1047
17 86 3367
18 0 849
18 1 1630
18 2 802
18 3 1689
18 4 776
18 5 1581
18 6 1613
18 7 2013
18 8 78
18 9 146
18 10 2104
18 11 2116
18 12 3488
18 13 200
18 14 281
18 15 278
18 16 584
18 17 290
18 19 607
18 20 3861
18 21 1082
18 22 605
18 23 62
18 24 926
18 25 877
18 26 5117
18 27 912
18 28 3181
18 29 1239
18 30 1730
18 31 934
18 32 1601
18 33 1756
18 34 1732
18 35 257
18 36 257
18 37 851
18 38 891
18 39 846
18 40 904
18 41 625
18 42 658
18 43 1301
18 44 694
18 45 749
18 46 1365
18 47 2420
18 48 1426
18 49 1674
18 50 370
18 51 1119
18 52 1959
18 53 1455
18 55 1306
18 56 1665
18 57 1601
18 58 3464
18 59 3156
18 60 2546
18 61 2555
18 62 1882
18 63 1378
18 65 3032
18 66 3407
18 67 888
18 68 850
18 69 1282
18 70 299
18 71 522
18 72 1381
18 73 1153
18 74 1800
18 75 969
18 76 2095
18 77 2678
18 78 1051
18 79 1743
18 80 2488
18 81 742
18 82 430
18 84 584
18 85 855
18 86 3305
19 0 1394
19 1 1271
19 2 1273
19 3 1349
19 4 453
19 5 1883
19 6 2173
19 7 1615
19 8 645
19 9 552
19 10 2664
19 11 2009
19 12 4033
19 13 769
19 14 655
19 15 848
19 16 148
19 17 792
19 18 566
19 20 4406
19 21 529
19 22 454
19 23 544
19 24 603
19 25 1179
19 26 5663
19 27 1210
19 28 2783
19 29 1701
19 30 1370
19 31 1479
19 32 2160
19 33 2301
19 34 2277
19 35 819
19 36 819
19 37 511
19 38 344
19 39 1410
19 40 1272
19 41 408
19 42 523
19 43 1846
19 44 1239
19 45 1256
19 46 1667
19 47 1855
19 48 1088
19 49 2219
19 50 926
19 51 1397
19 52 2500
19 53 1210
19 55 1814
19 56 2173
19 57 2160
19 58 3766
19 59 3459
19 60 2849
19 61 1990
19 62 2423
19 63 1886
19 65 2634
19 66 3807
19 67 1434
19 68 1411
19 69 943
19 70 855
19 71 1078
19 72 1801
19 73 517
19 74 2345
19 75 1514
19 76 2641
19 77 2280
19 78 1603
19 79 2303
19 80 2086
19 81 1269
19 82 932
19 84 208
19 85 1107
19 86 2903
20 0 3207
20 1 4850
20 2 4120
20 3 5223
20 4 4330
20 5 3359
20 6 3226
20 7 5559
20 8 3738
20 9 3861
20 10 3039
20 11 5070
20 12 631
20 13 3621
20 14 3903
20 15 3647
20 16 4396
20 17 3601
20 18 3838
20 19 4419
20 21 4898
20 22 4160
20 23 3867
20 24 4480
20 25 3598
20 26 2669
20 27 3993
20 28 6949
20 29 3012
20 30 5284
20 31 3079
20 32 2989
20 33 2421
20 34 2355
20 35 3639
20 36 3639
20 37 4385
20 38 4610
20 39 4001
20 40 4212
20 41 4179
20 42 4378
20 43 2563
20 44 3200
20 45 3418
20 46 3918
20 47 5784
20 48 4773
20 49 2467
20 50 3465
20 51 4134
20 52 2625
20 53 4848
20 55 3036
20 56 2836
20 57 2989
20 58 2453
20 59 2669
20 60 2714
20 61 5919
20 62 2885
20 63 3005
20 65 6784
20 66 1930
20 67 3229
20 68 3392
20 69 4628
20 70 3543
20 71 3473
20 72 3657
20 73 4874
20 74 2466
20 75 3115
20 76 1891
20 77 6446
20 78 3812
20 79 3062
20 80 5708
20 81 3270
20 82 3437
20 84 4231
20 85 4285
20 86 6525
21 0 1820
21 1 1361
21 2 1508
21 3 1355
21 4 561
21 5 2224
21 6 2467
21 7 1318
21 8 1070
21 9 978
21 10 2903
21 11 2151
21 12 4459
21 13 1194
21 14 983
21 15 1274
21 16 441
21 17 1218
21 18 992
21 19 479
21 20 4831
21 22 880
21 23 969
21 24 530
21 25 1520
21 26 6088
21 27 1333
21 28 2409
21 29 2076
21 30 1296
21 31 1905
21 32 2551
21 33 2727
21 34 2703
21 35 1245
21 36 1245
21 37 821
21 38 537
21 39 1646
21 40 1486
21 41 823
21 42 716
21 43 2272
21 44 1665
21 45 1651
21 46 1868
21 47 1603
21 48 1254
21 49 2645
21 50 1352
21 51 1637
21 52 2925
21 53 1300
21 55 2239
21 56 2598
21 57 2551
21 58 4107
21 59 3800
21 60 3190
21 61 1745
21 62 2849
21 63 2311
21 65 2294
21 66 4183
21 67 1859
21 68 1836
21 69 1110
21 70 1280
21 71 1504
21 72 2058
21 73 423
21 74 2771
21 75 1939
21 76 3066
21 77 1944
21 78 1849
21 79 2597
21 80 2176
21 81 1694
21 82 1357
21 84 624
21 85 1197
21 86 2993
22 0 1107
22 1 1687
22 2 804
22 3 1064
22 4 306
22 5 2113
22 6 1722
22 7 1545
22 8 614
22 9 399
22 10 2213
22 11 1720
22 12 3746
22 13 649
22 14 818
22 15 736
22 16 399
22 17 689
22 18 541
22 19 422
22 20 4118
22 21 898
22 23 475
22 24 456
22 25 1410
22 26 5375
22 27 1445
22 28 2930
22 29 1496
22 30 1270
22 31 1192
22 32 1759
22 33 2014
22 34 1990
22 35 515
22 36 515
22 37 226
22 38 690
22 39 953
22 40 800
22 41 155
22 42 769
22 43 1559
22 44 952
22 45 1288
22 46 1898
22 47 2270
22 48 812
22 49 1932
22 50 628
22 51 938
22 52 2199
22 53 1625
22 55 1487
22 56 1872
22 57 1759
22 58 3903
22 59 3595
22 60 2956
22 61 2405
22 62 2123
22 63 1559
22 65 2770
22 66 3665
22 67 1146
22 68 1107
22 69 668
22 70 556
22 71 780
22 72 1339
22 73 955
22 74 2058
22 75 1226
22 76 2353
22 77 2427
22 78 1146
22 79 1852
22 80 2502
22 81 999
22 82 743
22 84 222
22 85 1363
22 86 3319
23 0 873
23 1 1604
23 2 826
23 3 1613
23 4 707
23 5 1633
23 6 1638
23 7 1935
23 8 115
23 9 90
23 10 2128
23 11 2140
23 12 3513
23 13 237
23 14 333
23 15 315
23 16 553
23 17 343
23 18 57
23 19 576
23 20 3885
23 21 1051
23 22 537
23 24 857
23 25 930
23 26 5142
23 27 965
23 28 3150
23 29 1263
23 30 1661
23 31 958
23 32 1626
23 33 1780
23 34 1757
23 35 282
23 36 282
23 37 775
23 38 837
23 39 870
23 40 928
23 41 556
23 42 610
23 43 1326
23 44 719
23 45 802
23 46 1417
23 47 2389
23 48 1341
23 49 1699
23 50 395
23 51 1144
23 52 1983
23 53 1425
23 55 1359
23 56 1696
23 57 1626
23 58 3517
23 59 3209
23 60 2599
23 61 2524
23 62 1907
23 63 1381
23 65 3001
23 66 3432
23 67 913
23 68 874
23 69 1196
23 70 323
23 71 546
23 72 1406
23 73 1101
23 74 1825
23 75 993
23 76 2120
23 77 2647
23 78 1075
23 79 1768
23 80 2463
23 81 766
23 82 482
23 84 554
23 85 912
23 86 3280
24 0 1421
24 1 1766
24 2 1059
24 3 820
24 4 139
24 5 2427
24 6 2017
24 7 1079
24 8 929
24 9 713
24 10 2453
24 11 1649
24 12 4060
24 13 964
24 14 1125
24 15 1050
24 16 395
24 17 1004
24 18 855
24 19 559
24 20 4433
24 21 586
24 22 450
24 23 790
24 25 1723
24 26 5690
24 27 1738
24 28 2575
24 29 1811
24 30 805
24 31 1506
24 32 2101
24 33 2328
24 34 2304
24 35 829
24 36 829
24 37 372
24 38 894
24 39 1197
24 40 1037
24 41 392
24 42 1084
24 43 1873
24 44 1266
24 45 1595
24 46 2211
24 47 2113
24 48 765
24 49 2246
24 50 942
24 51 1188
24 52 2531
24 53 1705
24 55 1842
24 56 2227
24 57 2101
24 58 4217
24 59 3910
24 60 3271
24 61 2255
24 62 2454
24 63 1914
24 65 2318
24 66 3979
24 67 1460
24 68 1422
24 69 621
24 70 871
24 71 1094
24 72 1609
24 73 828
24 74 2372
24 75 1541
24 76 2668
24 77 2028
24 78 1400
24 79 2147
24 80 2581
24 81 1314
24 82 1057
24 84 359
24 85 1602
24 86 3398
25 0 727
25 1 1414
25 2 1666
25 3 2565
25 4 1672
25 5 745
25 6 1825
25 7 2835
25 8 812
25 9 1049
25 10 2262
25 11 2895
25 12 3421
25 13 783
25 14 640
25 15 803
25 16 1387
25 17 747
25 18 903
25 19 1247
25 20 3654
25 21 1623
25 22 1501
25 23 964
25 24 1822
25 26 4667
25 27 306
25 28 3926
25 29 614
25 30 2609
25 31 918
25 32 1701
25 33 1668
25 34 1623
25 35 980
25 36 980
25 37 1727
25 38 1137
25 39 1550
25 40 1758
25 41 1521
25 42 905
25 43 1098
25 44 660
25 45 392
25 46 488
25 47 2340
25 48 2305
25 49 1482
25 50 806
25 51 1905
25 52 1949
25 53 1411
25 55 1355
25 56 1662
25 57 1701
25 58 2628
25 59 2320
25 60 1710
25 61 2474
25 62 1872
25 63 1427
25 65 3811
25 66 2703
25 67 843
25 68 952
25 69 2161
25 70 885
25 71 826
25 72 1859
25 73 1380
25 74 1712
25 75 953
25 76 1986
25 77 3461
25 78 1479
25 79 1883
25 80 2272
25 81 609
25 82 680
25 84 1426
25 85 848
25 86 3089
26 0 4520
26 1 5400
26 2 5637
26 3 6536
26 4 5643
26 5 4002
26 6 4960
26 7 6871
26 8 5051
26 9 5174
26 10 4774
26 11 6805
26 12 3322
26 13 4933
26 14 5216
26 15 4960
26 16 5709
26 17 4914
26 18 5150
26 19 5732
26 20 2725
26 21 6211
26 22 5472
26 23 5180
26 24 5793
26 25 4664
26 27 4738
26 28 8262
26 29 4196
26 30 6597
26 31 4389
26 32 4729
26 33 3914
26 34 3848
26 35 4951
26 36 4951
26 37 5698
26 38 5764
26 39 5521
26 40 5729
26 41 5492
26 42 5532
26 43 3876
26 44 4513
26 45 4719
26 46 4622
26 47 6284
26 48 6277
26 49 3797
26 50 4777
26 51 5876
26 52 4349
26 53 5552
26 55 4689
26 56 4560
26 57 4729
26 58 2023
26 59 2278
26 60 2998
26 61 6419
26 62 4608
26 63 4658
26 65 8097
26 66 2473
26 67 4637
26 68 4894
26 69 6132
26 70 4856
26 71 4786
26 72 5391
26 73 5876
26 74 3958
26 75 4455
26 76 3431
26 77 7759
26 78 5449
26 79 4797
26 80 6220
26 81 4583
26 82 4750
26 84 5544
26 85 4989
26 86 7036
27 0 1037
27 1 1197
27 2 1730
27 3 2608
27 4 1715
27 5 879
27 6 1965
27 7 2663
27 8 870
27 9 1092
27 10 2455
27 11 2962
27 12 3778
27 13 854
27 14 678
27 15 873
27 16 1430
27 17 818
27 18 946
27 19 1297
27 20 4046
27 21 1451
27 22 1545
27 23 1007
27 24 1844
27 25 299
27 26 4734
27 28 3753
27 29 1046
27 30 2626
27 31 1201
27 32 1874
27 33 1995
27 34 1951
27 35 1045
27 36 1045
27 37 1770
27 38 1044
27 39 1617
27 40 1822
27 41 1564
27 42 821
27 43 1489
27 44 959
27 45 692
27 46 512
27 47 2119
27 48 2373
27 49 1875
27 50 850
27 51 1972
27 52 2213
27 53 1146
27 55 1527
27 56 1886
27 57 1874
27 58 2766
27 59 2458
27 60 1848
27 61 2254
27 62 2137
27 63 1599
27 65 3638
27 66 2873
27 67 1143
27 68 1124
27 69 2228
27 70 928
27 71 869
27 72 1903
27 73 1124
27 74 2040
27 75 1236
27 76 2314
27 77 3206
27 78 1522
27 79 2056
27 80 2055
27 81 908
27 82 723
27 84 1469
27 85 583
27 86 2872
28 0 3804
28 1 3363
28 2 3438
28 3 2122
28 4 2528
28 5 4454
28 6 4398
28 7 1565
28 8 3095
28 9 2999
28 10 4836
28 11 2645
28 12 6443
28 13 3219
28 14 3232
28 15 3300
28 16 2501
28 17 3244
28 18 3017
28 19 2656
28 20 6816
28 21 2320
28 22 2839
28 23 2994
28 24 2473
28 25 3734
28 26 8073
28 27 3547
28 29 4194
28 30 1758
28 31 3889
28 32 4497
28 33 4711
28 34 4687
28 35 3269
28 36 3269
28 37 2768
28 38 2750
28 39 3575
28 40 3434
28 41 2781
28 42 2930
28 43 4256
28 44 3650
28 45 3703
28 46 4082
28 47 3485
28 48 2847
28 49 4630
28 50 3326
28 51 3539
28 52 4947
28 53 3467
28 55 4238
28 56 4620
28 57 4497
28 58 6358
28 59 6051
28 60 5441
28 61 3627
28 62 4870
28 63 4310
28 65 812
28 66 6363
28 67 3844
28 68 3858
28 69 2872
28 70 3254
28 71 3530
28 72 3941
28 73 2637
28 74 4755
28 75 3924
28 76 5051
28 77 694
28 78 3779
28 79 4528
28 80 4150
28 81 3716
28 82 3384
28 84 2645
28 85 3375
28 86 4967
29 0 393
29 1 2135
29 2 1754
29 3 2653
29 4 1760
29 5 1028
29 6 1893
29 7 2989
29 8 1168
29 9 1291
29 10 2255
29 11 2983
29 12 2833
29 13 1051
29 14 1161
29 15 1077
29 16 1826
29 17 1031
29 18 1268
29 19 1778
29 20 3067
29 21 2189
29 22 1590
29 23 1297
29 24 1910
29 25 617
29 26 4200
29 27 1060
29 28 4379
29 30 2714
29 31 594
29 32 1650
29 33 1002
29 34 979
29 35 1069
29 36 1069
29 37 1815
29 38 1702
29 39 1638
29 40 1846
29 41 1609
29 42 1470
29 43 483
29 44 630
29 45 577
29 46 1200
29 47 3052
29 48 2394
29 49 867
29 50 895
29 51 1993
29 52 1605
29 53 2104
29 55 1255
29 56 1318
29 57 1650
29 58 2363
29 59 2056
29 60 1446
29 61 3187
29 62 1529
29 63 1224
29 65 4214
29 66 2339
29 67 791
29 68 1017
29 69 2249
29 70 973
29 71 903
29 72 1937
29 73 1951
29 74 1047
29 75 686
29 76 1342
29 77 3876
29 78 1566
29 79 1907
29 80 2993
29 81 700
29 82 867
29 84 1661
29 85 1541
29 86 3810
30 0 2131
30 1 2460
30 2 1689
30 3 491
30 4 850
30 5 3122
30 6 2650
30 7 284
30 8 1639
30 9 1423
30 10 3088
30 11 1031
30 12 4770
30 13 1674
30 14 1820
30 15 1760
30 16 1088
30 17 1713
30 18 1565
30 19 1244
30 20 5143
30 21 1220
30 22 1170
30 23 1500
30 24 711
30 25 2418
30 26 6400
30 27 2432
30 28 1757
30 29 2521
30 31 2216
30 32 2839
30 33 3038
30 34 3014
30 35 1539
30 36 1539
30 37 1087
30 38 1605
30 39 1828
30 40 1686
30 41 1103
30 42 1785
30 43 2583
30 44 1976
30 45 2290
30 46 2906
30 47 2767
30 48 1099
30 49 2956
30 50 1652
30 51 1790
30 52 3241
30 53 2399
30 55 2558
30 56 2955
30 57 2839
30 58 4927
30 59 4620
30 60 3981
30 61 2909
30 62 3164
30 63 2630
30 65 1500
30 66 4689
30 67 2170
30 68 2132
30 69 1124
30 70 1581
30 71 1804
30 72 2193
30 73 1522
30 74 3082
30 75 2251
30 76 3377
30 77 1330
30 78 2031
30 79 2780
30 80 3275
30 81 2024
30 82 1767
30 84 1060
30 85 2296
30 86 4092
31 0 272
31 1 2351
31 2 1418
31 3 2318
31 4 1425
31 5 1368
31 6 1557
31 7 2653
31 8 832
31 9 956
31 10 1994
31 11 2647
31 12 2866
31 13 715
31 14 998
31 15 742
31 16 1491
31 17 695
31 18 932
31 19 1514
31 20 3100
31 21 1993
31 22 1254
31 23 961
31 24 1575
31 25 913
31 26 4354
31 27 1233
31 28 4043
31 29 565
31 30 2379
31 32 1407
31 33 1031
31 34 997
31 35 733
31 36 733
31 37 1480
31 38 1759
31 39 1302
31 40 1510
31 41 1273
31 42 1526
31 43 526
31 44 294
31 45 572
31 46 1401
31 47 3274
31 48 2058
31 49 910
31 50 559
31 51 1657
31 52 1362
31 53 2252
31 55 1012
31 56 1075
31 57 1407
31 58 2881
31 59 2574
31 60 1935
31 61 3408
31 62 1285
31 63 981
31 65 3879
31 66 2643
31 67 474
31 68 681
31 69 1914
31 70 637
31 71 568
31 72 1601
31 73 2008
31 74 1075
31 75 412
31 76 1360
31 77 3541
31 78 1230
31 79 1615
31 80 3210
31 81 365
31 82 531
31 84 1325
31 85 1689
31 86 4027
32 0 1361
32 1 2976
32 2 1267
32 3 2637
32 4 2103
32 5 2384
32 6 435
32 7 3276
32 8 1511
32 9 1634
32 10 749
32 11 2237
32 12 2319
32 13 1393
32 14 1658
32 15 1420
32 16 2169
32 17 1373
32 18 1610
32 19 2192
32 20 2963
32 21 2671
32 22 1854
32 23 1640
32 24 2165
32 25 1685
32 26 4632
32 27 1858
32 28 4650
32 29 1627
32 30 3002
32 31 1413
32 33 1382
32 34 1554
32 35 1432
32 36 1432
32 37 1881
32 38 2425
32 39 1120
32 40 1341
32 41 1952
32 42 2193
32 43 1481
32 44 1223
32 45 1549
32 46 2173
32 47 3898
32 48 1937
32 49 1546
32 50 1237
32 51 1300
32 52 552
32 53 2919
32 55 537
32 56 411
32 57 0
32 58 3733
32 59 3425
32 60 2786
32 61 4033
32 62 583
32 63 546
32 65 4502
32 66 3495
32 67 1146
32 68 785
32 69 1916
32 70 1316
32 71 1146
32 72 823
32 73 2674
32 74 1340
32 75 1098
32 76 1502
32 77 4147
32 78 900
32 79 400
32 80 3834
32 81 1274
32 82 1209
32 84 2004
32 85 2356
32 86 4651
33 0 1060
33 1 2991
33 2 2010
33 3 3052
33 4 2159
33 5 1800
33 6 1668
33 7 3388
33 8 1567
33 9 1690
33 10 1910
33 11 3220
33 12 2021
33 13 1450
33 14 1732
33 15 1476
33 16 2225
33 17 1430
33 18 1667
33 19 2248
33 20 2344
33 21 2727
33 22 1989
33 23 1696
33 24 2309
33 25 1543
33 26 3790
33 27 1884
33 28 4778
33 29 882
33 30 3113
33 31 936
33 32 1305
33 34 256
33 35 1468
33 36 1468
33 37 2214
33 38 2458
33 39 1875
33 40 2102
33 41 2008
33 42 2226
33 43 582
33 44 1029
33 45 1266
33 46 2065
33 47 3917
33 48 2656
33 49 454
33 50 1294
33 51 2245
33 52 1260
33 53 2952
33 55 910
33 56 973
33 57 1305
33 58 2578
33 59 2270
33 60 1631
33 61 4052
33 62 1183
33 63 879
33 65 4613
33 66 2340
33 67 983
33 68 1285
33 69 2512
33 70 1372
33 71 1302
33 72 2038
33 73 2723
33 74 44
33 75 858
33 76 507
33 77 4275
33 78 1782
33 79 1561
33 80 3850
33 81 1110
33 82 1266
33 84 2060
33 85 2389
33 86 4666
34 0 1040
34 1 2987
34 2 2133
34 3 3032
34 4 2139
34 5 1543
34 6 1866
34 7 3367
34 8 1547
34 9 1670
34 10 1956
34 11 3362
34 12 1963
34 13 1429
34 14 1712
34 15 1456
34 16 2205
34 17 1410
34 18 1646
34 19 2228
34 20 2286
34 21 2707
34 22 1968
34 23 1676
34 24 2289
34 25 1538
34 26 3732
34 27 1880
34 28 4758
34 29 862
34 30 3093
34 31 909
34 32 1503
34 33 265
34 35 1447
34 36 1447
34 37 2194
34 38 2454
34 39 2017
34 40 2225
34 41 1988
34 42 2222
34 43 556
34 44 1008
34 45 1262
34 46 2061
34 47 3913
34 48 2772
34 49 197
34 50 1273
34 51 2372
34 52 1346
34 53 2948
34 55 1108
34 56 1171
34 57 1503
34 58 2340
34 59 2033
34 60 1394
34 61 4048
34 62 1381
34 63 1077
34 65 4593
34 66 2102
34 67 1057
34 68 1360
34 69 2628
34 70 1352
34 71 1282
34 72 2236
34 73 2718
34 74 309
34 75 854
34 76 449
34 77 4255
34 78 1945
34 79 1759
34 80 3845
34 81 1090
34 82 1246
34 84 2040
34 85 2385
34 86 4662
35 0 636
35 1 1704
35 2 685
35 3 1594
35 4 736
35 5 1643
35 6 1346
35 7 1964
35 8 150
35 9 267
35 10 1837
35 11 1950
35 12 3276
35 13 185
35 14 345
35 15 265
35 16 816
35 17 219
35 18 243
35 19 839
35 20 3648
35 21 1314
35 22 566
35 23 273
35 24 886
35 25 940
35 26 4905
35 27 990
35 28 3413
35 29 1026
35 30 1690
35 31 721
35 32 1406
35 33 1543
35 34 1520
35 36 0
35 37 756
35 38 1118
35 39 590
35 40 777
35 41 585
35 42 886
35 43 1089
35 44 482
35 45 811
35 46 1427
35 47 2586
35 48 1328
35 49 1462
35 50 158
35 51 940
35 52 1746
35 53 1622
35 55 1111
35 56 1459
35 57 1406
35 58 3432
35 59 3125
35 60 2486
35 61 2721
35 62 1669
35 63 1144
35 65 3190
35 66 3195
35 67 676
35 68 637
35 69 1184
35 70 86
35 71 309
35 72 1126
35 73 1378
35 74 1587
35 75 756
35 76 1883
35 77 2910
35 78 784
35 79 1476
35 80 2562
35 81 529
35 82 273
35 84 637
35 85 1059
35 86 3379
36 0 636
36 1 1704
36 2 685
36 3 1594
36 4 736
36 5 1643
36 6 1346
36 7 1964
36 8 150
36 9 267
36 10 1837
36 11 1950
36 12 3276
36 13 185
36 14 345
36 15 265
36 16 816
36 17 219
36 18 243
36 19 839
36 20 3648
36 21 1314
36 22 566
36 23 273
36 24 886
36 25 940
36 26 4905
36 27 990
36 28 3413
36 29 1026
36 30 1690
36 31 721
36 32 1406
36 33 1543
36 34 1520
36 35 0
36 37 756
36 38 1118
36 39 590
36 40 777
36 41 585
36 42 886
36 43 1089
36 44 482
36 45 811
36 46 1427
36 47 2586
36 48 1328
36 49 1462
36 50 158
36 51 940
36 52 1746
36 53 1622
36 55 1111
36 56 1459
36 57 1406
36 58 3432
36 59 3125
36 60 2486
36 61 2721
36 62 1669
36 63 1144
36 65 3190
36 66 3195
36 67 676
36 68 637
36 69 1184
36 70 86
36 71 309
36 72 1126
36 73 1378
36 74 1587
36 75 756
36 76 1883
36 77 2910
36 78 784
36 79 1476
36 80 2562
36 81 529
36 82 273
36 84 637
36 85 1059
36 86 3379
37 0 1295
37 1 1711
37 2 815
37 3 838
37 4 320
37 5 2302
37 6 1733
37 7 1423
37 8 826
37 9 598
37 10 2223
37 11 1541
37 12 3805
37 13 861
37 14 1033
37 15 948
37 16 407
37 17 902
37 18 753
37 19 440
37 20 4307
37 21 846
37 22 196
37 23 675
37 24 340
37 25 1599
37 26 5564
37 27 1634
37 28 2825
37 29 1685
37 30 1149
37 31 1380
37 32 1770
37 33 2203
37 34 2179
37 35 676
37 36 676
37 38 784
37 39 967
37 40 811
37 41 190
37 42 965
37 43 1748
37 44 1141
37 45 1477
37 46 2086
37 47 2295
37 48 620
37 49 2121
37 50 817
37 51 949
37 52 2210
37 53 1650
37 55 1498
37 56 1883
37 57 1770
37 58 4092
37 59 3784
37 60 3145
37 61 2430
37 62 2134
37 63 1570
37 65 2649
37 66 3854
37 67 1335
37 68 1156
37 69 475
37 70 745
37 71 839
37 72 1350
37 73 958
37 74 2247
37 75 1415
37 76 2542
37 77 2322
37 78 1175
37 79 1863
37 80 2527
37 81 1188
37 82 932
37 84 241
37 85 1559
37 86 3343
38 0 1492
38 1 1034
38 2 1482
38 3 1625
38 4 729
38 5 1718
38 6 2392
38 7 1729
38 8 861
38 9 749
38 10 2883
38 11 2285
38 12 4232
38 13 985
38 14 706
38 15 1047
38 16 424
38 17 991
38 18 789
38 19 276
38 20 4525
38 21 517
38 22 659
38 23 742
38 24 865
38 25 1015
38 26 5640
38 27 911
38 28 2820
38 29 1570
38 30 1660
38 31 1640
38 32 2312
38 33 2450
38 34 2405
38 35 1036
38 36 1036
38 37 787
38 39 1626
38 40 1471
38 41 678
38 42 210
38 43 1943
38 44 1413
38 45 1146
38 46 1448
38 47 1618
38 48 1364
38 49 2329
38 50 1141
38 51 1609
38 52 2651
38 53 973
38 55 1965
38 56 2324
38 57 2312
38 58 3602
38 59 3294
38 60 2684
38 61 1753
38 62 2575
38 63 2037
38 65 2705
38 66 3677
38 67 1597
38 68 1562
38 69 1219
38 70 1069
38 71 1297
38 72 2010
38 73 280
38 74 2494
38 75 1674
38 76 2768
38 77 2355
38 78 1819
38 79 2494
38 80 1849
38 81 1362
38 82 1150
38 84 484
38 85 794
38 86 2666
39 0 1124
39 1 2220
39 2 147
39 3 1550
39 4 1141
39 5 2131
39 6 820
39 7 2190
39 8 666
39 9 777
39 10 1257
39 11 1331
39 12 3263
39 13 675
39 14 844
39 15 749
39 16 1332
39 17 703
39 18 754
39 19 1355
39 20 3907
39 21 1661
39 22 930
39 23 783
39 24 1155
39 25 1428
39 26 5393
39 27 1481
39 28 3640
39 29 1514
39 30 1915
39 31 1209
39 32 1034
39 33 1864
39 34 2008
39 35 516
39 36 516
39 37 972
39 38 1634
39 40 208
39 41 1085
39 42 1402
39 43 1577
39 44 970
39 45 1301
39 46 1915
39 47 3102
39 48 813
39 49 1950
39 50 646
39 51 341
39 52 1591
39 53 2138
39 55 925
39 56 1302
39 57 1034
39 58 3921
39 59 3613
39 60 2974
39 61 3237
39 62 1556
39 63 997
39 65 3415
39 66 3683
39 67 1164
39 68 616
39 69 761
39 70 574
39 71 637
39 72 524
39 73 1894
39 74 1821
39 75 1244
39 76 2169
39 77 3137
39 78 186
39 79 950
39 80 3078
39 81 1017
39 82 761
39 84 1133
39 85 1575
39 86 3895
40 0 1313
40 1 2383
40 2 174
40 3 1354
40 4 965
40 5 2320
40 6 1016
40 7 1994
40 8 829
40 9 805
40 10 1453
40 11 1301
40 12 3452
40 13 864
40 14 1033
40 15 938
40 16 1141
40 17 892
40 18 782
40 19 1164
40 20 4096
40 21 1485
40 22 749
40 23 811
40 24 979
40 25 1617
40 26 5582
40 27 1669
40 28 3476
40 29 1703
40 30 1719
40 31 1398
40 32 1230
40 33 2054
40 34 2197
40 35 679
40 36 679
40 37 791
40 38 1443
40 39 184
40 41 917
40 42 1230
40 43 1766
40 44 1159
40 45 1490
40 46 2104
40 47 3029
40 48 617
40 49 2139
40 50 835
40 51 369
40 52 1787
40 53 2201
40 55 1114
40 56 1491
40 57 1230
40 58 4110
40 59 3802
40 60 3163
40 61 3164
40 62 1745
40 63 1186
40 65 3219
40 66 3872
40 67 1353
40 68 805
40 69 592
40 70 763
40 71 826
40 72 720
40 73 1702
40 74 2010
40 75 1433
40 76 2358
40 77 2961
40 78 382
40 79 1146
40 80 3241
40 81 1206
40 82 950
40 84 957
40 85 1637
40 86 4058
41 0 1128
41 1 1630
41 2 968
41 3 1050
41 4 250
41 5 2135
41 6 1892
41 7 1476
41 8 636
41 9 420
41 10 2382
41 11 1710
41 12 3768
41 13 671
41 14 839
41 15 757
41 16 326
41 17 711
41 18 563
41 19 359
41 20 4140
41 21 823
41 22 158
41 23 497
41 24 400
41 25 1432
41 26 5397
41 27 1467
41 28 2874
41 29 1518
41 30 1201
41 31 1213
41 32 1881
41 33 2035
41 34 2012
41 35 537
41 36 537
41 37 212
41 38 712
41 39 1120
41 40 961
41 42 791
41 43 1581
41 44 974
41 45 1310
41 46 1919
41 47 2214
41 48 789
41 49 1954
41 50 650
41 51 1098
41 52 2238
41 53 1569
41 55 1572
41 56 1951
41 57 1881
41 58 3925
41 59 3617
41 60 2978
41 61 2349
41 62 2162
41 63 1636
41 65 2701
41 66 3687
41 67 1168
41 68 1129
41 69 644
41 70 578
41 71 801
41 72 1503
41 73 876
41 74 2080
41 75 1248
41 76 2375
41 77 2371
41 78 1323
41 79 2022
41 80 2445
41 81 1021
41 82 765
41 84 159
41 85 1385
41 86 3262
42 0 1274
42 1 1228
42 2 1303
42 3 1816
42 4 923
42 5 1501
42 6 2175
42 7 1924
42 8 644
42 9 554
42 10 2665
42 11 2426
42 12 4015
42 13 768
42 14 489
42 15 835
42 16 616
42 17 780
42 18 571
42 19 470
42 20 4308
42 21 712
42 22 753
42 23 543
42 24 1073
42 25 798
42 26 5423
42 27 696
42 28 3014
42 29 1353
42 30 1854
42 31 1422
42 32 2095
42 33 2232
42 34 2188
42 35 819
42 36 819
42 37 978
42 38 225
42 39 1409
42 40 1282
42 41 772
42 43 1726
42 44 1196
42 45 929
42 46 1231
42 47 1812
42 48 1560
42 49 2112
42 50 925
42 51 1505
42 52 2434
42 53 1054
42 55 1748
42 56 2107
42 57 2095
42 58 3385
42 59 3077
42 60 2467
42 61 1947
42 62 2358
42 63 1820
42 65 2899
42 66 3460
42 67 1380
42 68 1345
42 69 1415
42 70 853
42 71 1079
42 72 1906
42 73 474
42 74 2277
42 75 1457
42 76 2551
42 77 2549
42 78 1602
42 79 2277
42 80 2012
42 81 1145
42 82 933
42 84 665
42 85 591
42 86 2829
43 0 646
43 1 2569
43 2 1777
43 3 2676
43 4 1783
43 5 1290
43 6 1871
43 7 3011
43 8 1191
43 9 1314
43 10 2113
43 11 3006
43 12 2340
43 13 1073
43 14 1356
43 15 1100
43 16 1849
43 17 1054
43 18 1290
43 19 1872
43 20 2573
43 21 2351
43 22 1612
43 23 1320
43 24 1933
43 25 1061
43 26 3830
43 27 1462
43 28 4402
43 29 443
43 30 2737
43 31 515
43 32 1508
43 33 663
43 34 605
43 35 1091
43 36 1091
43 37 1838
43 38 2036
43 39 1661
43 40 1869
43 41 1632
43 42 1804
43 44 653
43 45 844
43 46 1643
43 47 3495
43 48 2417
43 49 463
43 50 917
43 51 2016
43 52 1463
43 53 2530
43 55 1113
43 56 1176
43 57 1508
43 58 2358
43 59 2050
43 60 1411
43 61 3630
43 62 1386
43 63 1082
43 65 4237
43 66 2120
43 67 790
43 68 1040
43 69 2272
43 70 996
43 71 926
43 72 1959
43 73 2300
43 74 707
43 75 608
43 76 960
43 77 3899
43 78 1589
43 79 1764
43 80 3427
43 81 723
43 82 890
43 84 1684
43 85 1967
43 86 4244
44 0 206
44 1 2043
44 2 1176
44 3 2075
44 4 1182
44 5 1176
44 6 1332
44 7 2411
44 8 590
44 9 713
44 10 1768
44 11 2405
44 12 2851
44 13 473
44 14 755
44 15 499
44 16 1248
44 17 453
44 18 690
44 19 1271
44 20 3218
44 21 1750
44 22 1012
44 23 719
44 24 1332
44 25 630
44 26 4475
44 27 936
44 28 3801
44 29 596
44 30 2136
44 31 291
44 32 1208
44 33 1114
44 34 1090
44 35 491
44 36 491
44 37 1237
44 38 1510
44 39 1060
44 40 1268
44 41 1031
44 42 1278
44 43 659
44 45 357
44 46 1118
44 47 2969
44 48 1816
44 49 1032
44 50 317
44 51 1415
44 52 1321
44 53 2004
44 55 927
44 56 1034
44 57 1208
44 58 3003
44 59 2695
44 60 2056
44 61 3104
44 62 1245
44 63 920
44 65 3636
44 66 2765
44 67 273
44 68 456
44 69 1671
44 70 395
44 71 325
44 72 1359
44 73 1775
44 74 1158
44 75 326
44 76 1453
44 77 3298
44 78 988
44 79 1390
44 80 2902
44 81 122
44 82 289
44 84 1083
44 85 1441
44 86 3719
45 0 368
45 1 1812
45 2 1539
45 3 2438
45 4 1545
45 5 923
45 6 1688
45 7 2725
45 8 683
45 9 921
45 10 2125
45 11 2768
45 12 3241
45 13 654
45 14 738
45 15 674
45 16 1280
45 17 618
45 18 775
45 19 1303
45 20 3465
45 21 1765
45 22 1374
45 23 835
45 24 1695
45 25 398
45 26 4712
45 27 705
45 28 3893
45 29 576
45 30 2480
45 31 566
45 32 1564
45 33 1390
45 34 1345
45 35 853
45 36 853
45 37 1600
45 38 1279
45 39 1423
45 40 1631
45 41 1394
45 42 1047
45 43 883
45 44 384
45 46 886
45 47 2738
45 48 2178
45 49 1269
45 50 679
45 51 1777
45 52 1686
45 53 1773
45 55 1218
45 56 1399
45 57 1564
45 58 2806
45 59 2498
45 60 1888
45 61 2873
45 62 1610
45 63 1290
45 65 3744
45 66 2846
45 67 657
45 68 815
45 69 2034
45 70 758
45 71 686
45 72 1719
45 73 1543
45 74 1434
45 75 656
45 76 1708
45 77 3390
45 78 1339
45 79 1746
45 80 2670
45 81 440
45 82 540
45 84 1297
45 85 1210
45 86 3487
46 0 1220
46 1 970
46 2 2148
46 3 3047
46 4 2154
46 5 765
46 6 2308
46 7 3189
46 8 1294
46 9 1531
46 10 2744
46 11 3377
46 12 3739
46 13 1265
46 14 1122
46 15 1285
46 16 1869
46 17 1230
46 18 1385
46 19 1729
46 20 3972
46 21 1978
46 22 1984
46 23 1446
46 24 2304
46 25 482
46 26 4620
46 27 514
46 28 4248
46 29 1194
46 30 3091
46 31 1400
46 32 2184
46 33 2178
46 34 2134
46 35 1462
46 36 1462
46 37 2209
46 38 1573
46 39 2032
46 40 2240
46 41 2003
46 42 1350
46 43 1672
46 44 1142
46 45 874
46 47 1896
46 48 2788
46 49 2058
46 50 1289
46 51 2387
46 52 2431
46 53 1322
46 55 1837
46 56 2144
46 57 2184
46 58 2673
46 59 2366
46 60 1756
46 61 2031
46 62 2354
46 63 1909
46 65 4165
46 66 2781
46 67 1326
46 68 1434
46 69 2643
46 70 1367
46 71 1308
46 72 2342
46 73 1651
46 74 2222
46 75 1435
46 76 2497
46 77 3736
46 78 1961
46 79 2365
46 80 1828
46 81 1091
46 82 1162
46 84 1908
46 85 759
46 86 2645
47 0 3078
47 1 915
47 2 3188
47 3 3008
47 4 2152
47 5 2622
47 6 4002
47 7 2925
47 8 2481
47 9 2457
47 10 4493
47 11 3803
47 12 5596
47 13 2605
47 14 2321
47 15 2675
47 16 2016
47 17 2619
47 18 2462
47 19 1912
47 20 5829
47 21 1724
47 22 2363
47 23 2445
47 24 2222
47 25 2340
47 26 6357
47 27 2127
47 28 3503
47 29 3067
47 30 2958
47 31 3239
47 32 3911
47 33 4036
47 34 3991
47 35 2656
47 36 2656
47 37 2423
47 38 1742
47 39 3246
47 40 3160
47 41 2319
47 42 1889
47 43 3529
47 44 2999
47 45 2732
47 46 1905
47 48 2906
47 49 3915
47 50 2763
47 51 3289
47 52 4251
47 53 1119
47 55 3564
47 56 3923
47 57 3911
47 58 4531
47 59 4223
47 60 3613
47 61 178
47 62 4174
47 63 3636
47 65 3901
47 66 4638
47 67 3183
47 68 3161
47 69 2762
47 70 2692
47 71 2907
47 72 3710
47 73 1530
47 74 4080
47 75 3273
47 76 4354
47 77 2991
47 78 3440
47 79 4093
47 80 1680
47 81 2949
47 82 2761
47 84 2120
47 85 1645
47 86 2497
48 0 1819
48 1 2236
48 2 638
48 3 735
48 4 704
48 5 2826
48 6 1553
48 7 1375
48 8 1349
48 9 1111
48 10 1990
48 11 978
48 12 3979
48 13 1384
48 14 1553
48 15 1448
48 16 932
48 17 1402
48 18 1278
48 19 965
48 20 4623
48 21 1224
48 22 726
48 23 1188
48 24 677
48 25 2123
48 26 6088
48 27 2158
48 28 2857
48 29 2209
48 30 1100
48 31 1904
48 32 1801
48 33 2578
48 34 2703
48 35 1199
48 36 1199
48 37 568
48 38 1309
48 39 763
48 40 588
48 41 715
48 42 1489
48 43 2272
48 44 1665
48 45 2000
48 46 2610
48 47 2714
48 49 2645
48 50 1341
48 51 693
48 52 2351
48 53 2175
48 55 1644
48 56 2021
48 57 1801
48 58 4615
48 59 4308
48 60 3669
48 61 2856
48 62 2274
48 63 1716
48 65 2600
48 66 4378
48 67 1859
48 68 1330
48 69 137
48 70 1269
48 71 1354
48 72 1095
48 73 1429
48 74 2535
48 75 1939
48 76 2883
48 77 2434
48 78 961
48 79 1683
48 80 3051
48 81 1712
48 82 1456
48 84 765
48 85 2089
48 86 3868
49 0 952
49 1 2876
49 2 2069
49 3 2968
49 4 2075
49 5 1400
49 6 1858
49 7 3303
49 8 1483
49 9 1606
49 10 2064
49 11 3298
49 12 2071
49 13 1365
49 14 1648
49 15 1392
49 16 2141
49 17 1346
49 18 1582
49 19 2164
49 20 2395
49 21 2643
49 22 1904
49 23 1612
49 24 2225
49 25 1367
49 26 3699
49 27 1769
49 28 4694
49 29 749
49 30 3029
49 31 821
49 32 1495
49 33 461
49 34 196
49 35 1383
49 36 1383
49 37 2130
49 38 2343
49 39 1953
49 40 2161
49 41 1924
49 42 2111
49 43 413
49 44 945
49 45 1151
49 46 1950
49 47 3802
49 48 2709
49 50 1209
49 51 2308
49 52 1450
49 53 2837
49 55 1100
49 56 1163
49 57 1495
49 58 2227
49 59 1919
49 60 1280
49 61 3937
49 62 1373
49 63 1069
49 65 4529
49 66 1989
49 67 1004
49 68 1289
49 69 2564
49 70 1288
49 71 1218
49 72 2251
49 73 2607
49 74 505
49 75 801
49 76 558
49 77 4191
49 78 1881
49 79 1751
49 80 3734
49 81 1015
49 82 1182
49 84 1976
49 85 2274
49 86 4551
50 0 479
50 1 1827
50 2 859
50 3 1759
50 4 866
50 5 1485
50 6 1229
50 7 2094
50 8 273
50 9 397
50 10 1720
50 11 2088
50 12 3118
50 13 156
50 14 439
50 15 183
50 16 940
50 17 136
50 18 373
50 19 963
50 20 3490
50 21 1438
50 22 695
50 23 402
50 24 1016
50 25 782
50 26 4747
50 27 817
50 28 3484
50 29 868
50 30 1820
50 31 564
50 32 1231
50 33 1386
50 34 1362
50 35 174
50 36 174
50 37 921
50 38 1240
50 39 743
50 40 951
50 41 714
50 42 1008
50 43 931
50 44 324
50 45 648
50 46 1270
50 47 2710
50 48 1499
50 49 1304
50 51 1098
50 52 1588
50 53 1745
50 55 922
50 56 1301
50 57 1231
50 58 3275
50 59 2967
50 60 2328
50 61 2844
50 62 1512
50 63 986
50 65 3320
50 66 3037
50 67 518
50 68 479
50 69 1355
50 70 78
50 71 152
50 72 1157
50 73 1501
50 74 1430
50 75 598
50 76 1725
50 77 2982
50 78 766
50 79 1359
50 80 2686
50 81 371
50 82 115
50 84 766
50 85 1182
50 86 3503
51 0 1428
51 1 2519
51 2 365
51 3 1424
51 4 1083
51 5 2435
51 6 858
51 7 2064
51 8 965
51 9 989
51 10 1295
51 11 1040
51 12 3355
51 13 979
51 14 1148
51 15 1053
51 16 1244
51 17 1007
51 18 973
51 19 1267
51 20 3999
51 21 1603
51 22 850
51 23 1002
51 24 1097
51 25 1732
51 26 5648
51 27 1785
51 28 3546
51 29 1818
51 30 1789
51 31 1513
51 32 1172
51 33 2168
51 34 2312
51 35 815
51 36 815
51 37 890
51 38 1546
51 39 291
51 40 332
51 41 1021
51 42 1429
51 43 1881
51 44 1274
51 45 1605
51 46 2220
51 47 3093
51 48 687
51 49 2254
51 50 950
51 52 1629
51 53 2412
51 55 1214
51 56 1583
51 57 1172
51 58 4225
51 59 3917
51 60 3278
51 61 3235
51 62 1755
51 63 1286
51 65 3289
51 66 3987
51 67 1468
51 68 920
51 69 662
51 70 878
51 71 941
51 72 454
51 73 1806
51 74 2125
51 75 1548
51 76 2473
51 77 3079
51 78 414
51 79 988
51 80 3346
51 81 1321
51 82 1065
51 84 1069
51 85 1828
51 86 4162
52 0 1380
52 1 3326
52 2 1814
52 3 3088
52 4 2460
52 5 2427
52 6 874
52 7 3688
52 8 1868
52 9 1991
52 10 1050
52 11 2719
52 12 1993
52 13 1750
52 14 2033
52 15 1777
52 16 2519
52 17 1731
52 18 1967
52 19 2542
52 20 2638
52 21 3033
52 22 2289
52 23 1997
52 24 2610
52 25 1923
52 26 4307
52 27 2208
52 28 5116
52 29 1595
52 30 3414
52 31 1380
52 32 594
52 33 1350
52 34 1434
52 35 1768
52 36 1768
52 37 2332
52 38 2775
52 39 1694
52 40 1901
52 41 2309
52 42 2543
52 43 1448
52 44 1342
52 45 1711
52 46 2411
52 47 4248
52 48 2476
52 49 1514
52 50 1594
52 51 1783
52 53 3269
52 55 754
52 56 429
52 57 594
52 58 3700
52 59 3393
52 60 2754
52 61 4383
52 62 479
52 63 723
52 65 4914
52 66 3262
52 67 1114
52 68 1180
52 69 2367
52 70 1673
52 71 1597
52 72 1306
52 73 3024
52 74 1307
52 75 1066
52 76 1177
52 77 4613
52 78 1447
52 79 709
52 80 4184
52 81 1319
52 82 1567
52 84 2361
52 85 2706
52 86 5001
53 0 2093
53 1 484
53 2 2185
53 3 2564
53 4 1668
53 5 1683
53 6 3012
53 7 2565
53 8 1488
53 9 1463
53 10 3502
53 11 3224
53 12 4657
53 13 1612
53 14 1327
53 15 1681
53 16 1363
53 17 1626
53 18 1468
53 19 1215
53 20 4890
53 21 1353
53 22 1667
53 23 1452
53 24 1746
53 25 1394
53 26 5538
53 27 1157
53 28 3575
53 29 2099
53 30 2528
53 31 2241
53 32 2914
53 33 3051
53 34 3007
53 35 1663
53 36 1663
53 37 1726
53 38 1046
53 39 2253
53 40 2351
53 41 1623
53 42 1152
53 43 2545
53 44 2015
53 45 1748
53 46 1310
53 47 1068
53 48 2303
53 49 2931
53 50 1770
53 51 2603
53 52 3253
53 55 2567
53 56 2926
53 57 2914
53 58 3592
53 59 3284
53 60 2674
53 61 1203
53 62 3177
53 63 2639
53 65 3540
53 66 3699
53 67 2199
53 68 2164
53 69 2158
53 70 1698
53 71 1916
53 72 2789
53 73 1026
53 74 3096
53 75 2276
53 76 3370
53 77 3063
53 78 2446
53 79 3096
53 80 1299
53 81 1964
53 82 1770
53 84 1423
53 85 654
53 86 2116
55 0 1018
55 1 2631
55 2 1146
55 3 2375
55 4 1814
55 5 2065
55 6 794
55 7 2994
55 8 1222
55 9 1345
55 10 1230
55 11 2372
55 12 2396
55 13 1105
55 14 1313
55 15 1131
55 16 1824
55 17 1085
55 18 1319
55 19 1847
55 20 3040
55 21 2338
55 22 1600
55 23 1351
55 24 1910
55 25 1341
55 26 4649
55 27 1513
55 28 4395
55 29 1233
55 30 2719
55 31 1019
55 32 556
55 33 990
55 34 1162
55 35 1123
55 36 1123
55 37 1611
55 38 2080
55 39 1027
55 40 1238
55 41 1663
55 42 1848
55 43 1089
55 44 922
55 45 1205
55 46 1828
55 47 3553
55 48 1799
55 49 1154
55 50 949
55 51 1382
55 52 749
55 53 2574
55 56 394
55 57 556
55 58 3341
55 59 3033
55 60 2394
55 61 3688
55 62 673
55 63 66
55 65 4219
55 66 3103
55 67 732
55 68 485
55 69 1654
55 70 1027
55 71 876
55 72 1164
55 73 2329
55 74 947
55 75 733
55 76 1295
55 77 3892
55 78 934
55 79 852
55 80 3489
55 81 937
55 82 921
55 84 1715
55 85 2011
55 86 4306
56 0 1086
56 1 2991
56 2 1520
56 3 2749
56 4 2166
56 5 2133
56 6 847
56 7 3389
56 8 1574
56 9 1697
56 10 1030
56 11 2662
56 12 2235
56 13 1457
56 14 1673
56 15 1483
56 16 2184
56 17 1437
56 18 1674
56 19 2207
56 20 2879
56 21 2698
56 22 1967
56 23 1703
56 24 2277
56 25 1630
56 26 4548
56 27 1873
56 28 4762
56 29 1301
56 30 3114
56 31 1087
56 32 425
56 33 1056
56 34 1228
56 35 1475
56 36 1475
56 37 1993
56 38 2440
56 39 1401
56 40 1612
56 41 2015
56 42 2208
56 43 1155
56 44 1048
56 45 1417
56 46 2117
56 47 3913
56 48 2173
56 49 1220
56 50 1301
56 51 1726
56 52 431
56 53 2934
56 55 396
56 57 425
56 58 3407
56 59 3099
56 60 2460
56 61 4048
56 62 397
56 63 365
56 65 4614
56 66 3169
56 67 820
56 68 845
56 69 2028
56 70 1379
56 71 1258
56 72 1249
56 73 2689
56 74 1013
56 75 772
56 76 1361
56 77 4259
56 78 1308
56 79 682
56 80 3849
56 81 1025
56 82 1273
56 84 2067
56 85 2371
56 86 4666
57 0 1361
57 1 2976
57 2 1267
57 3 2637
57 4 2103
57 5 2384
57 6 435
57 7 3276
57 8 1511
57 9 1634
57 10 749
57 11 2237
57 12 2319
57 13 1393
57 14 1658
57 15 1420
57 16 2169
57 17 1373
57 18 1610
57 19 2192
57 20 2963
57 21 2671
57 22 1854
57 23 1640
57 24 2165
57 25 1685
57 26 4632
57 27 1858
57 28 4650
57 29 1627
57 30 3002
57 31 1413
57 32 0
57 33 1382
57 34 1554
57 35 1432
57 36 1432
57 37 1881
57 38 2425
57 39 1120
57 40 1341
57 41 1952
57 42 2193
57 43 1481
57 44 1223
57 45 1549
57 46 2173
57 47 3898
57 48 1937
57 49 1546
57 50 1237
57 51 1300
57 52 552
57 53 2919
57 55 537
57 56 411
57 58 3733
57 59 3425
57 60 2786
57 61 4033
57 62 583
57 63 546
57 65 4502
57 66 3495
57 67 1146
57 68 785
57 69 1916
57 70 1316
57 71 1146
57 72 823
57 73 2674
57 74 1340
57 75 1098
57 76 1502
57 77 4147
57 78 900
57 79 400
57 80 3834
57 81 1274
57 82 1209
57 84 2004
57 85 2356
57 86 4651
58 0 2723
58 1 3609
58 2 4148
58 3 5047
58 4 4154
58 5 2118
58 6 4129
58 7 5383
58 8 3406
58 9 3685
58 10 4244
58 11 5377
58 12 3101
58 13 3378
58 14 3234
58 15 3397
58 16 3981
58 17 3342
58 18 3498
58 19 3841
58 20 2504
58 21 4218
58 22 3984
58 23 3558
58 24 4304
58 25 2631
58 26 2022
58 27 2771
58 28 6520
58 29 2361
58 30 5108
58 31 2901
58 32 3766
58 33 2669
58 34 2424
58 35 3463
58 36 3463
58 37 4209
58 38 3731
58 39 4032
58 40 4240
58 41 4003
58 42 3499
58 43 2387
58 44 3024
58 45 2808
58 46 2677
58 47 4543
58 48 4788
58 49 2308
58 50 3289
58 51 4387
58 52 3635
58 53 3607
58 55 3370
58 56 3433
58 57 3766
58 59 311
58 60 1031
58 61 4678
58 62 3644
58 63 3339
58 65 6405
58 66 1665
58 67 3148
58 68 3405
58 69 4643
58 70 3367
58 71 3297
58 72 4331
58 73 3909
58 74 2713
58 75 2966
58 76 2617
58 77 6008
58 78 3960
58 79 4022
58 80 4468
58 81 3094
58 82 3261
58 84 4055
58 85 3044
58 86 5284
59 0 2413
59 1 3299
59 2 3837
59 3 4737
59 4 3844
59 5 1807
59 6 3818
59 7 5072
59 8 3095
59 9 3375
59 10 3934
59 11 5066
59 12 3172
59 13 3067
59 14 2924
59 15 3087
59 16 3671
59 17 3031
59 18 3187
59 19 3531
59 20 2726
59 21 3907
59 22 3673
59 23 3247
59 24 3994
59 25 2320
59 26 2270
59 27 2460
59 28 6210
59 29 2050
59 30 4798
59 31 2590
59 32 3455
59 33 2358
59 34 2113
59 35 3152
59 36 3152
59 37 3899
59 38 3421
59 39 3721
59 40 3929
59 41 3692
59 42 3188
59 43 2077
59 44 2713
59 45 2498
59 46 2367
59 47 4233
59 48 4477
59 49 1998
59 50 2978
59 51 4076
59 52 3324
59 53 3296
59 55 3059
59 56 3122
59 57 3455
59 58 308
59 60 720
59 61 4367
59 62 3333
59 63 3029
59 65 6095
59 66 1663
59 67 2837
59 68 3094
59 69 4333
59 70 3056
59 71 2987
59 72 4020
59 73 3598
59 74 2402
59 75 2655
59 76 2307
59 77 5698
59 78 3650
59 79 3711
59 80 4157
59 81 2784
59 82 2950
59 84 3744
59 85 2733
59 86 4974
60 0 1793
60 1 2679
60 2 3192
60 3 4091
60 4 3198
60 5 1188
60 6 3173
60 7 4427
60 8 2476
60 9 2729
60 10 3288
60 11 4421
60 12 2527
60 13 2489
60 14 2304
60 15 2515
60 16 3051
60 17 2469
60 18 2567
60 19 2911
60 20 2760
60 21 3288
60 22 3028
60 23 2628
60 24 3348
60 25 1700
60 26 2981
60 27 1841
60 28 5590
60 29 1431
60 30 4152
60 31 1945
60 32 2809
60 33 1712
60 34 1468
60 35 2507
60 36 2507
60 37 3253
60 38 2801
60 39 3076
60 40 3284
60 41 3047
60 42 2569
60 43 1431
60 44 2068
60 45 1878
60 46 1747
60 47 3613
60 48 3832
60 49 1352
60 50 2333
60 51 3431
60 52 2679
60 53 2677
60 55 2414
60 56 2477
60 57 2809
60 58 1019
60 59 711
60 61 3748
60 62 2688
60 63 2383
60 65 5475
60 66 1105
60 67 2192
60 68 2449
60 69 3687
60 70 2411
60 71 2341
60 72 3375
60 73 2978
60 74 1757
60 75 2010
60 76 1661
60 77 5078
60 78 3004
60 79 3066
60 80 3537
60 81 2138
60 82 2305
60 84 3099
60 85 2114
60 86 4354
61 0 3214
61 1 1051
61 2 3325
61 3 3155
61 4 2299
61 5 2758
61 6 4138
61 7 3072
61 8 2618
61 9 2593
61 10 4629
61 11 3951
61 12 5732
61 13 2742
61 14 2457
61 15 2811
61 16 2163
61 17 2755
61 18 2598
61 19 2048
61 20 5966
61 21 1871
61 22 2499
61 23 2582
61 24 2369
61 25 2476
61 26 6493
61 27 2264
61 28 3562
61 29 3188
61 30 3105
61 31 3375
61 32 4047
61 33 4172
61 34 4127
61 35 2792
61 36 2792
61 37 2559
61 38 1878
61 39 3383
61 40 3297
61 41 2456
61 42 2026
61 43 3665
61 44 3135
61 45 2868
61 46 2041
61 47 181
61 48 3053
61 49 4051
61 50 2899
61 51 3436
61 52 4387
61 53 1256
61 55 3701
61 56 4060
61 57 4047
61 58 4667
61 59 4360
61 60 3750
61 62 4310
61 63 3773
61 65 4048
61 66 4774
61 67 3319
61 68 3298
61 69 2909
61 70 2828
61 71 3043
61 72 3858
61 73 1677
61 74 4216
61 75 3410
61 76 4490
61 77 3050
61 78 3576
61 79 4229
61 80 1816
61 81 3085
61 82 2897
61 84 2256
61 85 1782
61 86 2633
62 0 1305
62 1 3251
62 2 1784
62 3 3013
62 4 2385
62 5 2352
62 6 1014
62 7 3614
62 8 1793
62 9 1916
62 10 1197
62 11 2829
62 12 2238
62 13 1676
62 14 1958
62 15 1702
62 16 2444
62 17 1656
62 18 1893
62 19 2467
62 20 2882
62 21 2958
62 22 2215
62 23 1922
62 24 2535
62 25 1849
62 26 4551
62 27 2133
62 28 5041
62 29 1520
62 30 3339
62 31 1306
62 32 592
62 33 1275
62 34 1447
62 35 1694
62 36 1694
62 37 2257
62 38 2700
62 39 1665
62 40 1876
62 41 2234
62 42 2468
62 43 1374
62 44 1267
62 45 1636
62 46 2336
62 47 4173
62 48 2437
62 49 1439
62 50 1520
62 51 1893
62 52 477
62 53 3194
62 55 679
62 56 403
62 57 592
62 58 3626
62 59 3318
62 60 2679
62 61 4308
62 63 648
62 65 4839
62 66 3388
62 67 1039
62 68 1105
62 69 2292
62 70 1598
62 71 1522
62 72 1416
62 73 2949
62 74 1232
62 75 991
62 76 1421
62 77 4538
62 78 1492
62 79 849
62 80 4109
62 81 1244
62 82 1492
62 84 2286
62 85 2631
62 86 4926
63 0 987
63 1 2703
63 2 1218
63 3 2447
63 4 1886
63 5 2034
63 6 803
63 7 3066
63 8 1294
63 9 1417
63 10 1239
63 11 2444
63 12 2364
63 13 1177
63 14 1385
63 15 1203
63 16 1896
63 17 1157
63 18 1391
63 19 1919
63 20 3009
63 21 2410
63 22 1672
63 23 1423
63 24 1982
63 25 1413
63 26 4617
63 27 1585
63 28 4467
63 29 1202
63 30 2791
63 31 987
63 32 565
63 33 958
63 34 1130
63 35 1195
63 36 1195
63 37 1683
63 38 2152
63 39 1099
63 40 1310
63 41 1735
63 42 1920
63 43 1057
63 44 928
63 45 1277
63 46 1900
63 47 3625
63 48 1871
63 49 1122
63 50 1021
63 51 1454
63 52 718
63 53 2646
63 55 66
63 56 363
63 57 565
63 58 3309
63 59 3002
63 60 2363
63 61 3760
63 62 641
63 65 4291
63 66 3071
63 67 701
63 68 557
63 69 1726
63 70 1099
63 71 948
63 72 1173
63 73 2401
63 74 916
63 75 702
63 76 1263
63 77 3964
63 78 1006
63 79 861
63 80 3561
63 81 905
63 82 993
63 84 1787
63 85 2083
63 86 4378
65 0 3611
65 1 3444
65 2 3160
65 3 1844
65 4 2334
65 5 4307
65 6 4120
65 7 1331
65 8 2923
65 9 2827
65 10 4558
65 11 2367
65 12 6250
65 13 3047
65 14 3060
65 15 3128
65 16 2329
65 17 3072
65 18 2845
65 19 2484
65 20 6623
65 21 2189
65 22 2645
65 23 2822
65 24 2195
65 25 3603
65 26 7880
65 27 3416
65 28 792
65 29 4001
65 30 1480
65 31 3696
65 32 4309
65 33 4518
65 34 4494
65 35 3019
65 36 3019
65 37 2567
65 38 2619
65 39 3298
65 40 3156
65 41 2587
65 42 2799
65 43 4063
65 44 3456
65 45 3531
65 46 3951
65 47 3683
65 48 2569
65 49 4436
65 50 3132
65 51 3261
65 52 4721
65 53 3383
65 55 4048
65 56 4425
65 57 4309
65 58 6190
65 59 5883
65 60 5273
65 61 3825
65 62 4644
65 63 4120
65 66 6169
65 67 3651
65 68 3612
65 69 2594
65 70 3061
65 71 3284
65 72 3663
65 73 2506
65 74 4562
65 75 3731
65 76 4858
65 77 1199
65 78 3501
65 79 4250
65 80 4259
65 81 3504
65 82 3212
65 84 2473
65 85 3280
65 86 5076
66 0 2698
66 1 3710
66 2 3907
66 3 4806
66 4 3913
66 5 2218
66 6 3887
66 7 5141
66 8 3321
66 9 3444
66 10 3896
66 11 5136
66 12 2555
66 13 3203
66 14 3251
66 15 3230
66 16 3979
66 17 3184
66 18 3420
66 19 3868
66 20 1976
66 21 4278
66 22 3742
66 23 3450
66 24 4063
66 25 2693
66 26 2473
66 27 2872
66 28 6532
66 29 2335
66 30 4867
66 31 2659
66 32 3524
66 33 2427
66 34 2182
66 35 3221
66 36 3221
66 37 3968
66 38 3792
66 39 3791
66 40 3999
66 41 3762
66 42 3560
66 43 2146
66 44 2783
66 45 2834
66 46 2778
66 47 4644
66 48 4547
66 49 2067
66 50 3047
66 51 4146
66 52 3286
66 53 3708
66 55 3129
66 56 3192
66 57 3524
66 58 1663
66 59 1661
66 60 1112
66 61 4779
66 62 3402
66 63 3098
66 65 6367
66 67 2907
66 68 3164
66 69 4402
66 70 3126
66 71 3056
66 72 4089
66 73 4009
66 74 2471
66 75 2725
66 76 2268
66 77 6109
66 78 3719
66 79 3780
66 80 4568
66 81 2853
66 82 3020
66 84 3814
66 85 3145
66 86 5385
67 0 418
67 1 2258
67 2 1392
67 3 2291
67 4 1398
67 5 1463
67 6 1494
67 7 2626
67 8 806
67 9 929
67 10 1776
67 11 2621
67 12 2661
67 13 688
67 14 971
67 15 715
67 16 1464
67 17 669
67 18 905
67 19 1487
67 20 3305
67 21 1966
67 22 1228
67 23 935
67 24 1548
67 25 844
67 26 4623
67 27 1151
67 28 4017
67 29 808
67 30 2352
67 31 482
67 32 1171
67 33 1089
67 34 1175
67 35 706
67 36 706
67 37 1453
67 38 1725
67 39 1276
67 40 1484
67 41 1247
67 42 1493
67 43 834
67 44 287
67 45 643
67 46 1332
67 47 3184
67 48 2032
67 49 1125
67 50 532
67 51 1631
67 52 1126
67 53 2219
67 55 756
67 56 839
67 57 1171
67 58 3150
67 59 2843
67 60 2204
67 61 3319
67 62 1050
67 63 725
67 65 3852
67 66 2913
67 68 618
67 69 1887
67 70 611
67 71 541
67 72 1575
67 73 1989
67 74 1046
67 75 302
67 76 1394
67 77 3514
67 78 1204
67 79 1428
67 80 3116
67 81 240
67 82 505
67 84 1299
67 85 1656
67 86 3933
68 0 617
68 1 2241
68 2 827
68 3 2035
68 4 1359
68 5 1656
68 6 917
68 7 2588
68 8 767
68 9 890
68 10 1353
68 11 2053
68 12 2762
68 13 650
68 14 932
68 15 676
68 16 1434
68 17 630
68 18 867
68 19 1457
68 20 3406
68 21 1948
68 22 1189
68 23 896
68 24 1509
68 25 951
68 26 4863
68 27 1123
68 28 4038
68 29 1007
68 30 2313
68 31 702
68 32 793
68 33 1374
68 34 1465
68 35 668
68 36 668
68 37 1254
68 38 1690
68 39 708
68 40 919
68 41 1208
68 42 1458
68 43 1070
68 44 480
68 45 815
68 46 1438
68 47 3163
68 48 1474
68 49 1395
68 50 494
68 51 1063
68 52 1180
68 53 2184
68 55 484
68 56 841
68 57 793
68 58 3391
68 59 3083
68 60 2444
68 61 3298
68 62 1104
68 63 548
68 65 3813
68 66 3153
68 67 618
68 69 1329
68 70 572
68 71 519
68 72 999
68 73 1939
68 74 1331
68 75 701
68 76 1679
68 77 3535
68 78 621
68 79 975
68 80 3099
68 81 531
68 82 466
68 84 1260
68 85 1621
68 86 3916
69 0 1698
69 1 2115
69 2 565
69 3 786
69 4 582
69 5 2705
69 6 1550
69 7 1425
69 8 1227
69 9 990
69 10 1988
69 11 1079
69 12 3857
69 13 1262
69 14 1432
69 15 1327
69 16 811
69 17 1280
69 18 1157
69 19 844
69 20 4501
69 21 1103
69 22 604
69 23 1067
69 24 556
69 25 2001
69 26 5966
69 27 2036
69 28 2908
69 29 2087
69 30 1151
69 31 1783
69 32 1784
69 33 2456
69 34 2581
69 35 1078
69 36 1078
69 37 447
69 38 1187
69 39 703
69 40 585
69 41 593
69 42 1367
69 43 2150
69 44 1543
69 45 1879
69 46 2489
69 47 2593
69 48 160
69 49 2523
69 50 1219
69 51 690
69 52 2230
69 53 2053
69 55 1522
69 56 1899
69 57 1784
69 58 4494
69 59 4186
69 60 3547
69 61 2735
69 62 2153
69 63 1594
69 65 2651
69 66 4256
69 67 1737
69 68 1208
69 70 1148
69 71 1232
69 72 1092
69 73 1308
69 74 2414
69 75 1817
69 76 2761
69 77 2418
69 78 907
69 79 1680
69 80 2930
69 81 1591
69 82 1334
69 84 644
69 85 1967
69 86 3747
70 0 550
70 1 1749
70 2 781
70 3 1680
70 4 787
70 5 1557
70 6 1301
70 7 2015
70 8 195
70 9 318
70 10 1791
70 11 2010
70 12 3189
70 13 152
70 14 360
70 15 179
70 16 861
70 17 133
70 18 294
70 19 884
70 20 3562
70 21 1359
70 22 617
70 23 324
70 24 937
70 25 853
70 26 4819
70 27 889
70 28 3406
70 29 940
70 30 1741
70 31 635
70 32 1302
70 33 1457
70 34 1433
70 35 96
70 36 96
70 37 842
70 38 1161
70 39 665
70 40 873
70 41 636
70 42 930
70 43 1002
70 44 396
70 45 719
70 46 1341
70 47 2631
70 48 1421
70 49 1376
70 50 72
70 51 1020
70 52 1660
70 53 1667
70 55 994
70 56 1373
70 57 1302
70 58 3346
70 59 3039
70 60 2400
70 61 2766
70 62 1583
70 63 1058
70 65 3241
70 66 3109
70 67 590
70 68 551
70 69 1276
70 71 223
70 72 1164
70 73 1422
70 74 1501
70 75 670
70 76 1797
70 77 2903
70 78 763
70 79 1430
70 80 2607
70 81 443
70 82 187
70 84 688
70 85 1104
70 86 3424
71 0 485
71 1 1953
71 2 849
71 3 1773
71 4 1015
71 5 1503
71 6 1094
71 7 2243
71 8 423
71 9 546
71 10 1584
71 11 2075
71 12 3124
71 13 305
71 14 581
71 15 332
71 16 1092
71 17 286
71 18 522
71 19 1115
71 20 3497
71 21 1594
71 22 844
71 23 552
71 24 1165
71 25 799
71 26 4754
71 27 835
71 28 3694
71 29 875
71 30 1969
71 31 570
71 32 1131
71 33 1392
71 34 1368
71 35 323
71 36 323
71 37 935
71 38 1392
71 39 730
71 40 941
71 41 864
71 42 1160
71 43 937
71 44 330
71 45 665
71 46 1287
71 47 2875
71 48 1496
71 49 1310
71 50 149
71 51 1085
71 52 1571
71 53 1903
71 55 859
71 56 1244
71 57 1131
71 58 3281
71 59 2974
71 60 2335
71 61 3010
71 62 1495
71 63 931
71 65 3469
71 66 3043
71 67 524
71 68 486
71 69 1351
71 70 228
71 72 1032
71 73 1653
71 74 1436
71 75 605
71 76 1731
71 77 3191
71 78 651
71 79 1224
71 80 2811
71 81 378
71 82 132
71 84 916
71 85 1340
71 86 3628
72 0 1459
72 1 2806
72 2 733
72 3 1931
72 4 1602
72 5 2477
72 6 476
72 7 2570
72 8 1252
72 9 1363
72 10 913
72 11 1436
72 12 2973
72 13 1198
72 14 1425
72 15 1224
72 16 1750
72 17 1178
72 18 1340
72 19 1773
72 20 3617
72 21 2123
72 22 1355
72 23 1369
72 24 1617
72 25 1774
72 26 5266
72 27 1809
72 28 4052
72 29 1849
72 30 2296
72 31 1544
72 32 790
72 33 2063
72 34 2235
72 35 1102
72 36 1102
72 37 1395
72 38 2052
72 39 573
72 40 794
72 41 1526
72 42 1934
72 43 1912
72 44 1305
72 45 1640
72 46 2261
72 47 3613
72 48 1193
72 49 2227
72 50 1103
72 51 558
72 52 1247
72 53 2724
72 55 1108
72 56 1201
72 57 790
72 58 4256
72 59 3948
72 60 3309
72 61 3754
72 62 1373
72 63 1117
72 65 3796
72 66 4018
72 67 1499
72 68 938
72 69 1169
72 70 1118
72 71 973
72 73 2311
72 74 2020
72 75 1579
72 76 2179
72 77 3599
72 78 391
72 79 606
72 80 3664
72 81 1352
72 82 1107
72 84 1574
72 85 2161
72 86 4481
73 0 1726
73 1 1010
73 2 1727
73 3 1578
73 4 722
73 5 1883
73 6 2604
73 7 1610
73 8 1107
73 9 994
73 10 3095
73 11 2374
73 12 4466
73 13 1231
73 14 953
73 15 1293
73 16 504
73 17 1236
73 18 1034
73 19 437
73 20 4760
73 21 399
73 22 905
73 23 989
73 24 792
73 25 1245
73 26 5739
73 27 982
73 28 2701
73 29 1805
73 30 1574
73 31 1874
73 32 2546
73 33 2684
73 34 2639
73 35 1281
73 36 1281
73 37 948
73 38 268
73 39 1872
73 40 1716
73 41 845
73 42 445
73 43 2177
73 44 1648
73 45 1380
73 46 1517
73 47 1384
73 48 1477
73 49 2564
73 50 1386
73 51 1854
73 52 2886
73 53 949
73 55 2200
73 56 2559
73 57 2546
73 58 3770
73 59 3463
73 60 2853
73 61 1526
73 62 2809
73 63 2272
73 65 2586
73 66 3878
73 67 1832
73 68 1797
73 69 1332
73 70 1314
73 71 1509
73 72 2255
73 74 2728
73 75 1909
73 76 3003
73 77 2220
73 78 2065
73 79 2728
73 80 1825
73 81 1597
73 82 1363
73 84 645
73 85 846
73 86 2642
74 0 1119
74 1 3034
74 2 1965
74 3 3174
74 4 2202
74 5 1842
74 6 1624
74 7 3430
74 8 1610
74 9 1733
74 10 1866
74 11 3175
74 12 2063
74 13 1492
74 14 1775
74 15 1519
74 16 2268
74 17 1473
74 18 1709
74 19 2291
74 20 2387
74 21 2770
74 22 2032
74 23 1739
74 24 2352
74 25 1585
74 26 3833
74 27 1927
74 28 4821
74 29 925
74 30 3156
74 31 978
74 32 1261
74 33 43
74 34 299
74 35 1510
74 36 1510
74 37 2257
74 38 2501
74 39 1830
74 40 2057
74 41 2051
74 42 2269
74 43 624
74 44 1072
74 45 1309
74 46 2108
74 47 3960
74 48 2612
74 49 497
74 50 1336
74 51 2185
74 52 1216
74 53 2995
74 55 865
74 56 928
74 57 1261
74 58 2620
74 59 2313
74 60 1674
74 61 4095
74 62 1139
74 63 835
74 65 4656
74 66 2383
74 67 938
74 68 1240
74 69 2468
74 70 1415
74 71 1345
74 72 1994
74 73 2765
74 75 859
74 76 550
74 77 4318
74 78 1738
74 79 1517
74 80 3892
74 81 1141
74 82 1309
74 84 2103
74 85 2432
74 86 4709
75 0 336
75 1 2390
75 2 1457
75 3 2356
75 4 1463
75 5 1451
75 6 1494
75 7 2692
75 8 871
75 9 994
75 10 1705
75 11 2686
75 12 2576
75 13 754
75 14 1036
75 15 780
75 16 1529
75 17 734
75 18 971
75 19 1552
75 20 3144
75 21 2031
75 22 1293
75 23 1000
75 24 1613
75 25 952
75 26 4430
75 27 1272
75 28 4082
75 29 667
75 30 2417
75 31 415
75 32 1100
75 33 986
75 34 952
75 35 772
75 36 772
75 37 1518
75 38 1797
75 39 1341
75 40 1549
75 41 1312
75 42 1565
75 43 629
75 44 333
75 45 654
75 46 1439
75 47 3312
75 48 2097
75 49 902
75 50 598
75 51 1696
75 52 1055
75 53 2291
75 55 735
75 56 768
75 57 1100
75 58 2958
75 59 2650
75 60 2011
75 61 3447
75 62 979
75 63 704
75 65 3917
75 66 2720
75 67 279
75 68 684
75 69 1952
75 70 676
75 71 606
75 72 1640
75 73 2046
75 74 943
75 76 1291
75 77 3579
75 78 1269
75 79 1357
75 80 3248
75 81 414
75 82 570
75 84 1364
75 85 1728
75 86 4065
76 0 1445
76 1 3392
76 2 2358
76 3 3437
76 4 2544
76 5 1939
76 6 1750
76 7 3772
76 8 1952
76 9 2075
76 10 1729
76 11 3568
76 12 1502
76 13 1834
76 14 2117
76 15 1861
76 16 2610
76 17 1815
76 18 2051
76 19 2633
76 20 1868
76 21 3112
76 22 2374
76 23 2081
76 24 2694
76 25 1943
76 26 3354
76 27 2285
76 28 5163
76 29 1267
76 30 3498
76 31 1314
76 32 1484
76 33 556
76 34 490
76 35 1852
76 36 1852
76 37 2599
76 38 2859
76 39 2223
76 40 2450
76 41 2393
76 42 2627
76 43 952
76 44 1414
76 45 1667
76 46 2466
76 47 4318
76 48 3005
76 49 602
76 50 1678
76 51 2578
76 52 1120
76 53 3353
76 55 1258
76 56 1321
76 57 1484
76 58 2532
76 59 2224
76 60 1585
76 61 4453
76 62 1379
76 63 1227
76 65 4998
76 66 2191
76 67 1331
76 68 1633
76 69 2860
76 70 1757
76 71 1687
76 72 2181
76 73 3123
76 74 600
76 75 1259
76 77 4660
76 78 2130
76 79 1584
76 80 4250
76 81 1495
76 82 1651
76 84 2445
76 85 2790
76 86 5067
77 0 3315
77 1 2847
77 2 2966
77 3 1725
77 4 2039
77 5 3938
77 6 3924
77 7 1077
77 8 2606
77 9 2510
77 10 4360
77 11 2256
77 12 5954
77 13 2730
77 14 2788
77 15 2811
77 16 2057
77 17 2755
77 18 2528
77 19 2212
77 20 6327
77 21 1859
77 22 2350
77 23 2505
77 24 1952
77 25 3273
77 26 7584
77 27 3024
77 28 687
77 29 3705
77 30 1355
77 31 3400
77 32 4008
77 33 4222
77 34 4198
77 35 2780
77 36 2780
77 37 2279
77 38 2289
77 39 3103
77 40 2944
77 41 2292
77 42 2469
77 43 3767
77 44 3160
77 45 3214
77 46 3566
77 47 2969
77 48 2445
77 49 4141
77 50 2836
77 51 3095
77 52 4458
77 53 2951
77 55 3749
77 56 4131
77 57 4008
77 58 5842
77 59 5535
77 60 4925
77 61 3111
77 62 4381
77 63 3821
77 65 1221
77 66 5949
77 67 3355
77 68 3369
77 69 2406
77 70 2765
77 71 3041
77 72 3516
77 73 2168
77 74 4266
77 75 3435
77 76 4562
77 78 3307
77 79 4054
77 80 3634
77 81 3227
77 82 2895
77 84 2156
77 85 2859
77 86 4451
78 0 1122
78 1 2473
78 2 410
78 3 1818
78 4 1403
78 5 2129
78 6 665
78 7 2457
78 8 919
78 9 1035
78 10 1101
78 11 1542
78 12 3157
78 13 805
78 14 1088
78 15 832
78 16 1600
78 17 786
78 18 1011
78 19 1605
78 20 3802
78 21 1924
78 22 1187
78 23 1041
78 24 1418
78 25 1425
78 26 5391
78 27 1461
78 28 3903
78 29 1512
78 30 2183
78 31 1207
78 32 869
78 33 1841
78 34 2012
78 35 769
78 36 769
78 37 1233
78 38 1887
78 39 242
78 40 463
78 41 1355
78 42 1655
78 43 1574
78 44 968
78 45 1291
78 46 1913
78 47 3355
78 48 1081
78 49 1948
78 50 723
78 51 515
78 52 1422
78 53 2391
78 55 894
78 56 1271
78 57 869
78 58 3918
78 59 3611
78 60 2972
78 61 3490
78 62 1452
78 63 966
78 65 3683
78 66 3681
78 67 1162
78 68 593
78 69 1024
78 70 726
78 71 625
78 72 406
78 73 2147
78 74 1798
78 75 1242
78 76 2146
78 77 3400
78 79 789
78 80 3331
78 81 1015
78 82 759
78 84 1405
78 85 1828
78 86 4148
79 0 1505
79 1 3141
79 2 1155
79 3 2531
79 4 2149
79 5 2528
79 6 193
79 7 3170
79 8 1606
79 9 1728
79 10 436
79 11 2037
79 12 2406
79 13 1488
79 14 1769
79 15 1515
79 16 2280
79 17 1469
79 18 1704
79 19 2303
79 20 3050
79 21 2669
79 22 1883
79 23 1734
79 24 2163
79 25 1830
79 26 4699
79 27 2023
79 28 4653
79 29 1869
79 30 2896
79 31 1590
79 32 385
79 33 1624
79 34 1796
79 35 1456
79 36 1456
79 37 1922
79 38 2569
79 39 1012
79 40 1233
79 41 2038
79 42 2337
79 43 1723
79 44 1368
79 45 1693
79 46 2317
79 47 4063
79 48 1794
79 49 1788
79 50 1338
79 51 1101
79 52 675
79 53 3091
79 55 819
79 56 653
79 57 385
79 58 3974
79 59 3667
79 60 3028
79 61 4198
79 62 824
79 63 828
79 65 4396
79 66 3737
79 67 1388
79 68 929
79 69 1769
79 70 1416
79 71 1187
79 72 624
79 73 2818
79 74 1581
79 75 1340
79 76 1607
79 77 4145
79 78 766
79 80 3999
79 81 1419
79 82 1321
79 84 2096
79 85 2528
79 86 4816
80 0 2550
80 1 438
80 2 2818
80 3 3017
80 4 2121
80 5 2086
80 6 3461
80 7 3017
80 8 1958
80 9 2041
80 10 3952
80 11 3676
80 12 5060
80 13 2081
80 14 1803
80 15 2149
80 16 1816
80 17 2093
80 18 2038
80 19 1668
80 20 5293
80 21 1805
80 22 2119
80 23 2030
80 24 2199
80 25 1796
80 26 5810
80 27 1586
80 28 3840
80 29 2531
80 30 2981
80 31 2698
80 32 3370
80 33 3508
80 34 3463
80 35 2133
80 36 2133
80 37 2179
80 38 1498
80 39 2723
80 40 2910
80 41 2075
80 42 1645
80 43 3001
80 44 2471
80 45 2204
80 46 1361
80 47 1200
80 48 2755
80 49 3387
80 50 2238
80 51 3055
80 52 3710
80 53 875
80 55 3023
80 56 3382
80 57 3370
80 58 3995
80 59 3687
80 60 3077
80 61 1335
80 62 3633
80 63 3095
80 65 3993
80 66 4102
80 67 2655
80 68 2620
80 69 2611
80 70 2167
80 71 2366
80 72 3259
80 73 1479
80 74 3552
80 75 2732
80 76 3810
80 77 3328
80 78 2917
80 79 3552
80 81 2421
80 82 2220
80 84 1876
80 85 1231
80 86 1886
81 0 280
81 1 2018
81 2 1227
81 3 2126
81 4 1233
81 5 1303
81 6 1387
81 7 2462
81 8 641
81 9 765
81 10 1824
81 11 2456
81 12 2869
81 13 524
81 14 773
81 15 550
81 16 1284
81 17 504
81 18 741
81 19 1307
81 20 3292
81 21 1798
81 22 1063
81 23 770
81 24 1383
81 25 605
81 26 4549
81 27 911
81 28 3852
81 29 670
81 30 2187
81 31 366
81 32 1263
81 33 1199
81 34 1175
81 35 542
81 36 542
81 37 1288
81 38 1485
81 39 1111
81 40 1319
81 41 1082
81 42 1253
81 43 733
81 44 126
81 45 432
81 46 1093
81 47 2944
81 48 1867
81 49 1106
81 50 368
81 51 1466
81 52 1340
81 53 1979
81 55 970
81 56 1053
81 57 1263
81 58 3077
81 59 2769
81 60 2130
81 61 3079
81 62 1263
81 63 939
81 65 3687
81 66 2839
81 67 235
81 68 512
81 69 1722
81 70 446
81 71 377
81 72 1410
81 73 1750
81 74 1255
81 75 412
81 76 1539
81 77 3349
81 78 1039
81 79 1445
81 80 2877
81 82 340
81 84 1134
81 85 1416
81 86 3694
82 0 462
82 1 1820
82 2 986
82 3 1885
82 4 992
82 5 1370
82 6 1242
82 7 2220
82 8 351
82 9 523
82 10 1732
82 11 2215
82 12 3102
82 13 282
82 14 448
82 15 309
82 16 959
82 17 263
82 18 444
82 19 982
82 20 3474
82 21 1461
82 22 822
82 23 503
82 24 1142
82 25 667
82 26 4731
82 27 702
82 28 3561
82 29 852
82 30 1946
82 31 547
82 32 1214
82 33 1369
82 34 1346
82 35 300
82 36 300
82 37 1047
82 38 1259
82 39 870
82 40 1078
82 41 841
82 42 1027
82 43 915
82 44 308
82 45 533
82 46 1155
82 47 2742
82 48 1626
82 49 1288
82 50 127
82 51 1225
82 52 1572
82 53 1770
82 55 906
82 56 1285
82 57 1214
82 58 3258
82 59 2951
82 60 2312
82 61 2877
82 62 1495
82 63 970
82 65 3412
82 66 3021
82 67 502
82 68 463
82 69 1481
82 70 205
82 71 146
82 72 1180
82 73 1521
82 74 1413
82 75 582
82 76 1709
82 77 3058
82 78 799
82 79 1371
82 80 2679
82 81 355
82 84 893
82 85 1207
82 86 3496
84 0 1216
84 1 1471
84 2 1059
84 3 1141
84 4 245
84 5 2068
84 6 1982
84 7 1462
84 8 628
84 9 508
84 10 2473
84 11 1801
84 12 3856
84 13 752
84 14 766
84 15 833
84 16 167
84 17 777
84 18 550
84 19 200
84 20 4228
84 21 664
84 22 256
84 23 527
84 24 395
84 25 1364
84 26 5485
84 27 1400
84 28 2763
84 29 1606
84 30 1188
84 31 1301
84 32 1969
84 33 2123
84 34 2100
84 35 625
84 36 625
84 37 303
84 38 543
84 39 1211
84 40 1052
84 41 200
84 42 716
84 43 1669
84 44 1062
84 45 1236
84 46 1852
84 47 2055
84 48 879
84 49 2042
84 50 738
84 51 1189
84 52 2326
84 53 1410
84 55 1660
84 56 2039
84 57 1969
84 58 3951
84 59 3644
84 60 3066
84 61 2190
84 62 2250
84 63 1724
84 65 2614
84 66 3775
84 67 1256
84 68 1217
84 69 735
84 70 666
84 71 889
84 72 1594
84 73 717
84 74 2168
84 75 1336
84 76 2463
84 77 2260
84 78 1414
84 79 2112
84 80 2286
84 81 1109
84 82 853
84 85 1310
84 86 3103
85 0 1500
85 1 800
85 2 1644
85 3 2484
85 4 1591
85 5 1090
85 6 2419
85 7 2478
85 8 888
85 9 988
85 10 2909
85 11 2958
85 12 4064
85 13 1012
85 14 734
85 15 1080
85 16 1289
85 17 1025
85 18 842
85 19 1128
85 20 4297
85 21 1266
85 22 1421
85 23 904
85 24 1659
85 25 801
85 26 4945
85 27 557
85 28 3499
85 29 1496
85 30 2441
85 31 1648
85 32 2321
85 33 2458
85 34 2414
85 35 1063
85 36 1063
85 37 1646
85 38 883
85 39 1653
85 40 1746
85 41 1440
85 42 667
85 43 1952
85 44 1422
85 45 1155
85 46 717
85 47 1610
85 48 2233
85 49 2338
85 50 1170
85 51 1962
85 52 2660
85 53 633
85 55 1974
85 56 2333
85 57 2321
85 58 2999
85 59 2691
85 60 2081
85 61 1745
85 62 2584
85 63 2046
85 65 3453
85 66 3106
85 67 1606
85 68 1571
85 69 2088
85 70 1098
85 71 1323
85 72 2189
85 73 939
85 74 2503
85 75 1683
85 76 2777
85 77 2987
85 78 1846
85 79 2503
85 80 1658
85 81 1371
85 82 1177
85 84 1334
85 86 2475
86 0 3367
86 1 1255
86 2 3635
86 3 3834
86 4 2938
86 5 2903
86 6 4278
86 7 3834
86 8 2775
86 9 2858
86 10 4769
86 11 4493
86 12 5877
86 13 2898
86 14 2620
86 15 2966
86 16 2633
86 17 2910
86 18 2855
86 19 2485
86 20 6110
86 21 2622
86 22 2936
86 23 2846
86 24 3016
86 25 2613
86 26 6627
86 27 2403
86 28 4657
86 29 3348
86 30 3798
86 31 3515
86 32 4187
86 33 4325
86 34 4280
86 35 2950
86 36 2950
86 37 2996
86 38 2315
86 39 3540
86 40 3727
86 41 2892
86 42 2462
86 43 3818
86 44 3288
86 45 3021
86 46 2177
86 47 2017
86 48 3572
86 49 4204
86 50 3055
86 51 3872
86 52 4526
86 53 1692
86 55 3840
86 56 4199
86 57 4187
86 58 4812
86 59 4504
86 60 3894
86 61 2151
86 62 4450
86 63 3912
86 65 4810
86 66 4919
86 67 3472
86 68 3437
86 69 3428
86 70 2984
86 71 3183
86 72 4076
86 73 2296
86 74 4369
86 75 3549
86 76 4643
86 77 4145
86 78 3734
86 79 4369
86 80 1886
86 81 3238
86 82 3037
86 84 2693
86 85 2048
