1 2 1736
1 3 2765
1 4 3097
1 5 854
1 6 1069
1 7 3282
1 8 3613
1 9 6297
1 10 3383
1 11 2434
1 12 3746
1 13 7214
1 14 4257
1 15 4272
1 16 771
1 17 1295
1 18 6865
1 19 1499
1 20 9109
1 21 3650
1 22 54
1 23 9536
1 24 2336
1 25 3535
1 26 3108
1 27 5932
1 28 1460
1 29 12022
1 30 844
2 1 1674
2 3 3430
2 4 2674
2 5 1107
2 6 756
2 7 1988
2 8 3618
2 9 5387
2 10 3432
2 11 2539
2 12 2418
2 13 6603
2 14 3649
2 15 2915
2 16 1885
2 17 564
2 18 7837
2 19 2342
2 20 7636
2 21 3699
2 22 1690
2 23 8209
2 24 2027
2 25 2264
2 26 1559
2 27 5214
2 28 2140
2 29 10550
2 30 1632
3 1 2748
3 2 3193
3 4 5207
3 5 2935
3 6 2676
3 7 5068
3 8 5849
3 9 8350
3 10 5663
3 11 585
3 12 5499
3 13 5258
3 14 6380
3 15 5918
3 16 3461
3 17 2970
3 18 4593
3 19 1399
3 20 9408
3 21 5930
3 22 2717
3 23 10999
3 24 1802
3 25 5344
3 26 3762
3 27 3993
3 28 1378
3 29 13350
3 30 3534
4 1 3046
4 2 2702
4 3 5599
4 5 2362
4 6 2636
4 7 2023
4 8 1159
4 9 3318
4 10 1418
4 11 5021
4 12 2833
4 13 9191
4 14 1337
4 15 3357
4 16 2501
4 17 2505
4 18 9699
4 19 4279
4 20 9213
4 21 1443
4 22 3069
4 23 7574
4 24 4509
4 25 1899
4 26 3804
4 27 7802
4 28 4213
4 29 10130
4 30 2319
5 1 835
5 2 1176
5 3 3347
5 4 2414
5 6 630
5 7 2479
5 8 3054
5 9 5537
5 10 2868
5 11 2684
5 12 2880
5 13 7327
5 14 3585
5 15 3406
5 16 933
5 17 588
5 18 7447
5 19 2026
5 20 8376
5 21 3135
5 22 889
5 23 8670
5 24 2331
5 25 2732
5 26 2683
5 27 5939
5 28 1916
5 29 11289
5 30 633
6 1 1022
6 2 788
6 3 3033
6 4 2623
6 5 579
6 7 2526
6 8 3265
6 9 5732
6 10 3079
6 11 2359
6 12 2943
6 13 7007
6 14 3796
6 15 3470
6 16 1317
6 17 317
6 18 7323
6 19 1802
6 20 8385
6 21 3346
6 22 1076
6 23 8734
6 24 2005
6 25 2802
6 26 2234
6 27 5618
6 28 1595
6 29 11220
6 30 1064
7 1 3172
7 2 1986
7 3 5306
7 4 1996
7 5 2392
7 6 2494
7 8 2965
7 9 4273
7 10 3085
7 11 4415
7 12 945
7 13 8337
7 14 2585
7 15 1514
7 16 2899
7 17 2156
7 18 9646
7 19 4197
7 20 7207
7 21 3250
7 22 3226
7 23 6538
7 24 3904
7 25 317
7 26 2018
7 27 6926
7 28 3980
7 29 9051
7 30 2683
8 1 3603
8 2 3713
8 3 6305
8 4 1190
8 5 3062
8 6 3336
8 7 3044
8 9 3184
8 10 259
8 11 5623
8 12 3851
8 13 10074
8 14 1189
8 15 4375
8 16 2922
8 17 3205
8 18 10281
8 19 4979
8 20 10217
8 21 284
8 22 3626
8 23 8268
8 24 5292
8 25 2915
8 26 4931
8 27 8686
8 28 4864
8 29 10824
8 30 2878
9 1 6281
9 2 5486
9 3 8696
9 4 3390
9 5 5560
9 6 5809
9 7 4384
9 8 3188
9 10 3267
9 11 7805
9 12 4777
9 13 11975
9 14 2308
9 15 5178
9 16 5759
9 17 5471
9 18 12893
9 19 7473
9 20 10591
9 21 3059
9 22 6344
9 23 7376
9 24 7293
9 25 4256
9 26 6276
9 27 10586
9 28 7294
9 29 9881
9 30 5594
10 1 3384
10 2 3536
10 3 6085
10 4 1475
10 5 2885
10 6 3159
10 7 3160
10 8 269
10 9 3256
10 11 5446
10 12 3970
10 13 9897
10 14 1458
10 15 4494
10 16 2703
10 17 3028
10 18 10061
10 19 4802
10 20 10346
10 21 261
10 22 3407
10 23 8535
10 24 5115
10 25 3036
10 26 4865
10 27 8508
10 28 4686
10 29 11091
10 30 2659
11 1 2388
11 2 2597
11 3 910
11 4 4929
11 5 2656
11 6 2380
11 7 4472
11 8 5571
11 9 7754
11 10 5385
11 12 4902
11 13 4839
11 14 6016
11 15 5322
11 16 3140
11 17 2588
11 18 5449
11 19 1070
11 20 8587
11 21 5652
11 22 2373
11 23 10403
11 24 1156
11 25 4748
11 26 3166
11 27 3575
11 28 1079
11 29 12754
11 30 2953
12 1 3611
12 2 2392
12 3 5711
12 4 2785
12 5 2772
12 6 2888
12 7 930
12 8 3750
12 9 4672
12 10 3862
12 11 4821
12 13 8679
12 14 3374
12 15 698
12 16 3619
12 17 2550
12 18 10039
12 19 4591
12 20 6672
12 21 4035
12 22 3666
12 23 5812
12 24 4309
12 25 921
12 26 2364
12 27 7267
12 28 4373
12 29 8325
12 30 3231
13 1 7195
13 2 6703
13 3 5274
13 4 9260
13 5 7347
13 6 7065
13 7 8479
13 8 10069
13 9 11973
13 10 9883
13 11 4854
13 12 8777
13 14 10235
13 15 8713
13 16 8033
13 17 6978
13 18 6166
13 19 5929
13 20 8805
13 21 10150
13 22 7180
13 23 13007
13 24 5358
13 25 8755
13 26 6639
13 27 1437
13 28 5836
13 29 14873
13 30 7780
14 1 4169
14 2 3637
14 3 6745
14 4 1291
14 5 3507
14 6 3781
14 7 2590
14 8 1103
14 9 2199
14 10 1362
14 11 5956
14 12 3400
14 13 10126
14 15 3924
14 16 3616
14 17 3622
14 18 10845
14 19 5424
14 20 9764
14 21 1207
14 22 4192
14 23 7352
14 24 5444
14 25 2462
14 26 4482
14 27 8737
14 28 5309
14 29 9908
14 30 3442
15 1 4132
15 2 2828
15 3 6102
15 4 3294
15 5 3293
15 6 3409
15 7 1492
15 8 4259
15 9 5058
15 10 4371
15 11 5212
15 12 691
15 13 8591
15 14 3883
15 16 4140
15 17 3071
15 18 10510
15 19 5083
15 20 6529
15 21 4544
15 22 4187
15 23 5826
15 24 4700
15 25 1430
15 26 2269
15 27 7449
15 28 4813
15 29 8339
15 30 3752
16 1 789
16 2 1980
16 3 3490
16 4 2565
16 5 948
16 6 1390
16 7 3016
16 8 2952
16 9 5763
16 10 2721
16 11 3260
16 12 3732
16 13 8037
16 14 3726
16 15 4259
16 17 1389
16 18 7473
16 19 2263
16 20 9202
16 21 2988
16 22 812
16 23 9509
16 24 3040
16 25 3217
16 26 3440
16 27 6648
16 28 2223
16 29 12116
16 30 387
17 1 1203
17 2 576
17 3 3340
17 4 2476
17 5 522
17 6 301
17 7 2180
17 8 3118
17 9 5386
17 10 2932
17 11 2557
17 12 2597
17 13 6941
17 14 3648
17 15 3124
17 16 1302
17 18 7566
17 19 2118
17 20 7960
17 21 3199
17 22 1258
17 23 8388
17 24 2099
17 25 2456
17 26 2040
17 27 5552
17 28 1900
17 29 10874
17 30 1049
18 1 6867
18 2 7954
18 3 4631
18 4 9734
18 5 7453
18 6 7358
18 7 9718
18 8 10268
18 9 12897
18 10 10038
18 11 5514
18 12 10135
18 13 6168
18 14 10904
18 15 10663
18 16 7475
18 17 7619
18 19 5635
18 20 13502
18 21 10305
18 22 6836
18 23 15744
18 24 6546
18 25 9994
18 26 8507
18 27 5559
18 28 5827
18 29 18094
18 30 7547
19 1 1502
19 2 2504
19 3 1445
19 4 4335
19 5 2055
19 6 1860
19 7 4268
19 8 4975
19 9 7498
19 10 4789
19 11 1097
19 12 4685
19 13 5943
19 14 5506
19 15 5263
19 16 2254
19 17 2169
19 18 5640
19 20 8664
19 21 5056
19 22 1487
19 23 10344
19 24 1326
19 25 4544
19 26 3176
19 27 4660
19 28 367
19 29 12695
19 30 2302
20 1 8810
20 2 7439
20 3 9211
20 4 8976
20 5 8103
20 6 8146
20 7 7022
20 8 9949
20 9 10195
20 10 10065
20 11 8340
20 12 6520
20 13 8493
20 14 9490
20 15 6365
20 16 8908
20 17 7748
20 18 13232
20 19 8407
20 21 10233
20 22 8864
20 23 6116
20 24 7466
20 25 7180
20 26 6041
20 27 8088
20 28 8068
20 29 7270
20 30 8655
21 1 3639
21 2 3791
21 3 6340
21 4 1477
21 5 3140
21 6 3414
21 7 3331
21 8 287
21 9 3038
21 10 249
21 11 5701
21 12 4138
21 13 10152
21 14 1295
21 15 4662
21 16 2958
21 17 3283
21 18 10316
21 19 5057
21 20 10504
21 22 3662
21 23 8555
21 24 5370
21 25 3202
21 26 5120
21 27 8763
21 28 4941
21 29 11111
21 30 2914
22 1 60
22 2 1763
22 3 2741
22 4 3125
22 5 914
22 6 1129
22 7 3342
22 8 3642
22 9 6336
22 10 3411
22 11 2430
22 12 3806
22 13 7210
22 14 4286
22 15 4333
22 16 799
22 17 1355
22 18 6841
22 19 1495
22 20 9169
22 21 3678
22 23 9597
22 24 2331
22 25 3595
22 26 3135
22 27 5928
22 28 1456
22 29 12082
22 30 872
23 1 9359
23 2 8139
23 3 11139
23 4 7448
23 5 8519
23 6 8635
23 7 6468
23 8 8092
23 9 7189
23 10 8348
23 11 10248
23 12 5770
23 13 12866
23 14 7260
23 15 5790
23 16 9334
23 17 8297
23 18 15547
23 19 10119
23 20 6427
23 21 8377
23 22 9413
23 24 9737
23 25 6245
23 26 7238
23 27 11967
23 28 9850
23 29 2957
23 30 8978
24 1 2295
24 2 2071
24 3 2093
24 4 4515
24 5 2288
24 6 2012
24 7 3946
24 8 5227
24 9 7228
24 10 5042
24 11 1141
24 12 4376
24 13 5239
24 14 5490
24 15 4796
24 16 2974
24 17 2122
24 18 6501
24 19 1276
24 20 7743
24 21 5309
24 22 2279
24 23 9877
24 25 4222
24 26 2620
24 27 3964
24 28 936
24 29 12228
24 30 2721
25 1 3430
25 2 2260
25 3 5580
25 4 1868
25 5 2655
25 6 2769
25 7 314
25 8 2832
25 9 4141
25 10 2945
25 11 4689
25 12 938
25 13 8611
25 14 2453
25 15 1462
25 16 3109
25 17 2431
25 18 9920
25 19 4472
25 20 7360
25 21 3116
25 22 3485
25 23 6312
25 24 4177
25 26 2292
25 27 7199
25 28 4254
25 29 8825
25 30 2909
26 1 3069
26 2 1588
26 3 4054
26 4 3811
26 5 2632
26 6 2223
26 7 2222
26 8 4848
26 9 6334
26 10 4808
26 11 3163
26 12 2435
26 13 6613
26 14 4646
26 15 2352
26 16 3371
26 17 2054
26 18 8461
26 19 3090
26 20 6300
26 21 5075
26 22 3085
26 23 7374
26 24 2635
26 25 2498
26 27 5201
26 28 2750
26 29 9725
26 30 3118
27 1 5909
27 2 5288
27 3 4001
27 4 7845
27 5 5932
27 6 5650
27 7 7042
27 8 8653
27 9 10558
27 10 8468
27 11 3582
27 12 7340
27 13 1412
27 14 8820
27 15 7533
27 16 6618
27 17 5563
27 18 5533
27 19 4643
27 20 8513
27 21 8735
27 22 5893
27 23 12052
27 24 4055
27 25 7318
27 26 5202
27 28 4550
27 29 13918
27 30 6365
28 1 1436
28 2 2221
28 3 1623
28 4 4167
28 5 1894
28 6 1635
28 7 4029
28 8 4808
28 9 7235
28 10 4623
28 11 1129
28 12 4446
28 13 5839
28 14 5339
28 15 4946
28 16 2188
28 17 1930
28 18 5821
28 19 340
28 20 8298
28 21 4890
28 22 1420
28 23 10027
28 24 960
28 25 4305
28 26 2790
28 27 4556
28 29 12377
28 30 2211
29 1 11740
29 2 10370
29 3 13408
29 4 9947
29 5 11034
29 6 10910
29 7 8911
29 8 10591
29 9 9632
29 10 10847
29 11 12518
29 12 8212
29 13 14636
29 14 9759
29 15 8233
29 16 11839
29 17 10679
29 18 17816
29 19 12389
29 20 7420
29 21 10876
29 22 11795
29 23 2975
29 24 12006
29 25 8688
29 26 9508
29 27 13736
29 28 12119
29 30 11421
30 1 871
30 2 1788
30 3 3572
30 4 2397
30 5 656
30 6 1198
30 7 2783
30 8 2915
30 9 5608
30 10 2685
30 11 3023
30 12 3355
30 13 7845
30 14 3558
30 15 3882
30 16 398
30 17 1197
30 18 7555
30 19 2303
30 20 9010
30 21 2952
30 22 894
30 23 9146
30 24 2848
30 25 3030
30 26 3248
30 27 6456
30 28 2238
30 29 11659
