1 2 617
1 3 7017
1 4 4765
1 5 4751
1 6 4507
1 7 5121
1 8 9504
1 9 4679
1 10 3674
1 11 4348
1 13 1730
1 14 4847
1 15 4868
1 16 4331
1 17 5289
1 18 5006
1 19 5080
1 20 4598
1 21 5647
1 22 6399
1 23 4778
1 24 595
1 25 4765
1 26 4739
1 27 5441
1 28 5380
1 29 696
2 1 596
2 3 7003
2 4 4687
2 5 4673
2 6 4429
2 7 5574
2 8 9444
2 9 4601
2 10 3717
2 11 4270
2 13 1590
2 14 4769
2 15 4790
2 16 4171
2 17 5219
2 18 4890
2 19 5043
2 20 4909
2 21 5633
2 22 6653
2 23 4662
2 24 272
2 25 4687
2 26 4601
2 27 5380
2 28 5744
2 29 298
3 1 7162
3 2 7087
3 4 2398
3 5 2434
3 6 2764
3 7 2761
3 8 2924
3 9 2735
3 10 3564
3 11 2942
3 13 5761
3 14 2363
3 15 2277
3 16 2966
3 17 1904
3 18 2172
3 19 2050
3 20 2537
3 21 1429
3 22 765
3 23 2403
3 24 6904
3 25 2580
3 26 2912
3 27 1914
3 28 3166
3 29 6941
4 1 4824
4 2 4695
4 3 2316
4 5 546
4 6 573
4 7 1602
4 8 4760
4 9 619
4 10 1247
4 11 759
4 13 3369
4 14 532
4 15 445
4 16 823
4 17 545
4 18 216
4 19 368
4 20 735
4 21 995
4 22 2024
4 23 172
4 24 4513
4 25 194
4 26 902
4 27 706
4 28 2291
4 29 4550
5 1 4809
5 2 4681
5 3 2365
5 4 544
5 6 411
5 7 1963
5 8 4809
5 9 382
5 10 1233
5 11 589
5 13 3354
5 14 134
5 15 155
5 16 613
5 17 639
5 18 529
5 19 716
5 20 1092
5 21 1208
5 22 2185
5 23 530
5 24 4498
5 25 519
5 26 654
5 27 809
5 28 2652
5 29 4535
6 1 4545
6 2 4417
6 3 2671
6 4 551
6 5 387
6 7 1903
6 8 5114
6 9 277
6 10 928
6 11 341
6 13 3090
6 14 439
6 15 460
6 16 365
6 17 944
6 18 762
6 19 915
6 20 973
6 21 1506
6 22 2535
6 23 534
6 24 4234
6 25 550
6 26 585
6 27 1114
6 28 2592
6 29 4271
7 1 5247
7 2 5499
7 3 2609
7 4 1521
7 5 1883
7 6 1835
7 8 5550
7 9 1888
7 10 2121
7 11 1863
7 13 4410
7 14 1918
7 15 1832
7 16 1937
7 17 1786
7 18 1576
7 19 1373
7 20 915
7 21 1596
7 22 2021
7 23 1336
7 24 5316
7 25 1701
7 26 2182
7 27 1811
7 28 786
7 29 5352
8 1 9658
8 2 9536
8 3 2909
8 4 4850
8 5 4886
8 6 5216
8 7 5709
8 9 5187
8 10 6008
8 11 5394
8 13 8209
8 14 4815
8 15 4729
8 16 5418
8 17 4356
8 18 4624
8 19 4613
8 20 5108
8 21 3999
8 22 3666
8 23 4897
8 24 9353
8 25 5032
8 26 5364
8 27 4330
8 28 6067
8 29 9390
9 1 4733
9 2 4605
9 3 2656
9 4 612
9 5 372
9 6 290
9 7 1969
9 8 5099
9 10 1116
9 11 444
9 13 3140
9 14 424
9 15 445
9 16 468
9 17 929
9 18 813
9 19 966
9 20 1067
9 21 1499
9 22 2476
9 23 585
9 24 4422
9 25 589
9 26 403
9 27 1099
9 28 2658
9 29 4459
10 1 3677
10 2 3653
10 3 3441
10 4 1188
10 5 1173
10 6 884
10 7 2131
10 8 5856
10 9 1056
10 11 725
10 13 2327
10 14 1295
10 15 1316
10 16 708
10 17 1645
10 18 1317
10 19 1469
10 20 1160
10 21 2071
10 22 3009
10 23 1089
10 24 3471
10 25 1188
10 26 1237
10 27 1807
10 28 2759
10 29 3507
11 1 4374
11 2 4187
11 3 2837
11 4 730
11 5 553
11 6 332
11 7 1922
11 8 5280
11 9 419
11 10 757
11 13 2781
11 14 605
11 15 626
11 16 137
11 17 1110
11 18 932
11 19 1085
11 20 947
11 21 1676
11 22 2695
11 23 704
11 24 4004
11 25 729
11 26 603
11 27 1280
11 28 2611
11 29 4041
13 1 1672
13 2 1483
13 3 5572
13 4 3256
13 5 3242
13 6 2998
13 7 4373
13 8 8013
13 9 3046
13 10 2286
13 11 2734
13 14 3338
13 15 3359
13 16 2662
13 17 3788
13 18 3459
13 19 3612
13 20 3399
13 21 4202
13 22 5222
13 23 3231
13 24 1301
13 25 3256
13 26 3092
13 27 3949
13 28 4884
13 29 1338
14 1 4916
14 2 4788
14 3 2299
14 4 548
14 5 138
14 6 468
14 7 2016
14 8 4742
14 9 439
14 10 1364
14 11 646
14 13 3461
14 15 88
14 16 670
14 17 572
14 18 462
14 19 649
14 20 1119
14 21 1142
14 22 2119
14 23 591
14 24 4605
14 25 650
14 26 712
14 27 742
14 28 2705
14 29 4642
15 1 4935
15 2 4807
15 3 2211
15 4 460
15 5 157
15 6 487
15 7 1928
15 8 4654
15 9 458
15 10 1383
15 11 665
15 13 3481
15 14 86
15 16 689
15 17 484
15 18 374
15 19 561
15 20 1031
15 21 1054
15 22 2031
15 23 504
15 24 4625
15 25 669
15 26 731
15 27 654
15 28 2617
15 29 4661
16 1 4306
16 2 4099
16 3 2855
16 4 789
16 5 571
16 6 350
16 7 1991
16 8 5298
16 9 437
16 10 701
16 11 121
16 13 2693
16 14 623
16 15 644
16 17 1128
16 18 991
16 19 1144
16 20 1016
16 21 1698
16 22 2675
16 23 763
16 24 3916
16 25 788
16 26 538
16 27 1298
16 28 2680
16 29 3953
17 1 5386
17 2 5258
17 3 1855
17 4 577
17 5 657
17 6 987
17 7 1906
17 8 4298
17 9 958
17 10 1735
17 11 1165
17 13 3932
17 14 586
17 15 500
17 16 1189
17 18 352
17 19 508
17 20 1011
17 21 566
17 22 1595
17 23 625
17 24 5076
17 25 760
17 26 1175
17 27 170
17 28 2509
17 29 5113
18 1 5085
18 2 4907
18 3 2101
18 4 226
18 5 528
18 6 790
18 7 1668
18 8 4544
18 9 829
18 10 1384
18 11 970
18 13 3580
18 14 457
18 15 371
18 16 1034
18 17 329
18 19 258
18 20 771
18 21 795
18 22 1838
18 23 269
18 24 4724
18 25 408
18 26 1113
18 27 492
18 28 2357
18 29 4761
19 1 5170
19 2 5075
19 3 2004
19 4 394
19 5 731
19 6 959
19 7 1477
19 8 4561
19 9 998
19 10 1552
19 11 1139
19 13 3749
19 14 661
19 15 574
19 16 1203
19 17 502
19 18 274
19 20 664
19 21 634
19 22 1677
19 23 409
19 24 4893
19 25 577
19 26 1281
19 27 518
19 28 2180
19 29 4930
20 1 4689
20 2 4940
20 3 2487
20 4 753
20 5 1109
20 6 1015
20 7 1018
20 8 5052
20 9 1093
20 10 1249
20 11 998
20 13 3537
20 14 1127
20 15 1041
20 16 1072
20 17 1005
20 18 785
20 19 665
20 21 1148
20 22 1902
20 23 545
20 24 4757
20 25 933
20 26 1387
20 27 1157
20 28 1707
20 29 4794
21 1 5775
21 2 5699
21 3 1415
21 4 1056
21 5 1258
21 6 1583
21 7 1733
21 8 3980
21 9 1560
21 10 2176
21 11 1763
21 13 4373
21 14 1188
21 15 1101
21 16 1791
21 17 592
21 18 843
21 19 663
21 20 1181
21 22 1035
21 23 1016
21 24 5517
21 25 1237
21 26 1756
21 27 527
21 28 2173
21 29 5554
22 1 6533
22 2 6775
22 3 770
22 4 2110
22 5 2255
22 6 2592
22 7 2166
22 8 3669
22 9 2556
22 10 3136
22 11 2838
22 13 5449
22 14 2184
22 15 2098
22 16 2787
22 17 1645
22 18 1896
22 19 1716
22 20 1957
22 21 1059
22 23 2025
22 24 6593
22 25 2290
22 26 2733
22 27 1580
22 28 2565
22 29 6629
23 1 4860
23 2 4682
23 3 2339
23 4 185
23 5 545
23 6 565
23 7 1430
23 8 4822
23 9 604
23 10 1158
23 11 745
23 13 3355
23 14 588
23 15 502
23 16 809
23 17 607
23 18 272
23 19 397
23 20 534
23 21 969
23 22 1998
23 24 4499
23 25 365
23 26 887
23 27 759
23 28 2119
23 29 4536
24 1 579
24 2 246
24 3 6757
24 4 4441
24 5 4426
24 6 4182
24 7 5327
24 8 9197
24 9 4354
24 10 3471
24 11 4023
24 13 1343
24 14 4522
24 15 4543
24 16 3924
24 17 4972
24 18 4643
24 19 4796
24 20 4662
24 21 5387
24 22 6406
24 23 4415
24 25 4440
24 26 4355
24 27 5133
24 28 5618
24 29 101
25 1 4839
25 2 4711
25 3 2513
25 4 194
25 5 535
25 6 588
25 7 1797
25 8 4956
25 9 612
25 10 1263
25 11 774
25 13 3384
25 14 657
25 15 678
25 16 838
25 17 741
25 18 412
25 19 565
25 20 929
25 21 1190
25 22 2219
25 23 366
25 24 4528
25 26 896
25 27 902
25 28 2486
25 29 4565
26 1 4791
26 2 4589
26 3 2819
26 4 885
26 5 634
26 6 584
26 7 2252
26 8 5262
26 9 389
26 10 1245
26 11 612
26 13 3184
26 14 686
26 15 707
26 16 553
26 17 1133
26 18 1086
26 19 1239
26 20 1350
26 21 1686
26 22 2639
26 23 859
26 24 4407
26 25 862
26 27 1303
26 28 2941
26 29 4443
27 1 5522
27 2 5435
27 3 1782
27 4 753
27 5 880
27 6 1210
27 7 1867
27 8 4339
27 9 1181
27 10 1912
27 11 1388
27 13 4108
27 14 809
27 15 723
27 16 1412
27 17 253
27 18 528
27 19 464
27 20 1115
27 21 411
27 22 1440
27 23 761
27 24 5252
27 25 936
27 26 1398
27 28 2470
27 29 5289
28 1 5442
28 2 5693
28 3 2992
28 4 2193
28 5 2555
28 6 2507
28 7 765
28 8 5932
28 9 2560
28 10 2717
28 11 2535
28 13 4900
28 14 2590
28 15 2504
28 16 2609
28 17 2371
28 18 2235
28 19 2055
28 20 1587
28 21 2010
28 22 2386
28 23 2008
28 24 5595
28 25 2373
28 26 2854
28 27 2396
28 29 5627
29 1 677
29 2 232
29 3 6792
29 4 4475
29 5 4461
29 6 4217
29 7 5362
29 8 9232
29 9 4389
29 10 3505
29 11 4058
29 13 1378
29 14 4557
29 15 4578
29 16 3959
29 17 5007
29 18 4678
29 19 4831
29 20 4697
29 21 5421
29 22 6441
29 23 4450
29 24 98
29 25 4475
29 26 4390
29 27 5168
29 28 5649
