1 2 4578
1 3 3759
1 4 3328
1 6 6984
1 7 4277
1 8 4549
1 9 1522
1 10 2125
1 11 5285
1 12 4762
1 13 6032
1 14 3936
1 15 2715
1 16 4480
1 17 2796
1 18 4736
1 19 3526
1 20 3749
1 21 87
1 22 3377
1 23 3494
1 24 4645
1 25 4954
1 26 7243
1 27 4651
1 28 4644
1 29 4119
1 30 3792
2 1 4156
2 3 3015
2 4 2440
2 6 4661
2 7 4393
2 8 4162
2 9 2941
2 10 3891
2 11 2962
2 12 1706
2 13 5891
2 14 2201
2 15 4963
2 16 3250
2 17 4830
2 18 3260
2 19 3415
2 20 4070
2 21 4137
2 22 5006
2 23 3269
2 24 1589
2 25 2720
2 26 4920
2 27 64
2 28 3823
2 29 3407
2 30 3403
3 1 3908
3 2 3625
3 4 686
3 6 3739
3 7 1439
3 8 1482
3 9 2698
3 10 1754
3 11 2311
3 12 2970
3 13 7716
3 14 4057
3 15 2560
3 16 818
3 17 2249
3 18 1113
3 19 607
3 20 1090
3 21 3874
3 22 2336
3 23 484
3 24 2773
3 25 1846
3 26 3998
3 27 3604
3 28 1300
3 29 620
3 30 431
4 1 3407
4 2 2969
4 3 623
4 6 3958
4 7 1987
4 8 2058
4 9 2193
4 10 1763
4 11 2259
4 12 2399
4 13 7208
4 14 3512
4 15 2874
4 16 1394
4 17 2563
4 18 1689
4 19 1080
4 20 1646
4 21 3373
4 22 2663
4 23 934
4 24 2202
4 25 1931
4 26 4217
4 27 2958
4 28 1876
4 29 1271
4 30 979
6 1 7189
6 2 5266
6 3 3795
6 4 4082
6 7 4117
6 8 3886
6 9 5877
6 10 5450
6 11 1940
6 12 3445
6 13 10878
6 14 7057
6 15 6258
6 16 3342
6 17 5947
6 18 3267
6 19 4299
6 20 4325
6 21 7155
6 22 5757
6 23 4250
6 24 3441
6 25 2083
6 26 449
6 27 5186
6 28 3489
6 29 3604
6 30 4123
7 1 4498
7 2 4982
7 3 1517
7 4 2132
7 6 4124
7 8 292
7 9 3830
7 10 2431
7 11 3295
7 12 4240
7 13 8961
7 14 5437
7 15 2843
7 16 1160
7 17 2532
7 18 1152
7 19 1603
7 20 651
7 21 4464
7 22 2180
7 23 1560
7 24 4043
7 25 2830
7 26 4250
7 27 4961
7 28 732
7 29 1155
7 30 1049
8 1 4772
8 2 4744
8 3 1546
8 4 2175
8 6 3886
8 7 281
8 9 4104
8 10 2705
8 11 3057
8 12 4002
8 13 9183
8 14 5515
8 15 3117
8 16 922
8 17 2806
8 18 914
8 19 1721
8 20 925
8 21 4738
8 22 2454
8 23 1678
8 24 3805
8 25 2592
8 26 4012
8 27 4723
8 28 469
8 29 917
8 30 1168
9 1 1467
9 2 3315
9 3 2491
9 4 2039
9 6 5605
9 7 3534
9 8 3806
9 10 1435
9 11 3906
9 12 3375
9 13 5349
9 14 2849
9 15 2495
9 16 3334
9 17 2362
9 18 3533
9 19 2354
9 20 3006
9 21 1433
9 22 2867
9 23 2302
9 24 3259
9 25 3575
9 26 5864
9 27 3304
9 28 3669
9 29 3047
9 30 2711
10 1 2223
10 2 4466
10 3 1713
10 4 1783
10 6 5352
10 7 2316
10 8 2588
10 9 1598
10 11 3766
10 12 4184
10 13 6782
10 14 4302
10 15 1208
10 16 2519
10 17 966
10 18 2775
10 19 1513
10 20 1788
10 21 2189
10 22 1524
10 23 1506
10 24 3987
10 25 3432
10 26 5611
10 27 4455
10 28 2683
10 29 2158
10 30 1831
11 1 5464
11 2 3541
11 3 2353
11 4 2357
11 6 1948
11 7 3278
11 8 3047
11 9 4152
11 10 3851
11 12 1720
11 13 9153
11 14 5332
11 15 4816
11 16 2196
11 17 4505
11 18 2121
11 19 2899
11 20 3255
11 21 5430
11 22 4531
11 23 2829
11 24 1716
11 25 489
11 26 2207
11 27 3461
11 28 2718
11 29 2458
11 30 2723
12 1 4681
12 2 1992
12 3 2741
12 4 2279
12 6 3107
12 7 3948
12 8 3717
12 9 3358
12 10 4004
12 11 1455
12 13 7603
12 14 3913
12 15 5124
12 16 2855
12 17 4793
12 18 2815
12 19 3287
12 20 3926
12 21 4648
12 22 4893
12 23 3142
12 24 150
12 25 1346
12 26 3366
12 27 1911
12 28 3378
12 29 3025
12 30 3267
13 1 4782
13 2 4735
13 3 6155
13 4 5674
13 6 9099
13 7 7455
13 8 7544
13 9 4172
13 10 5433
13 11 7400
13 12 6144
13 14 2981
13 15 6460
13 16 6880
13 17 6327
13 18 7082
13 19 6343
13 20 7071
13 21 4763
13 22 6910
13 23 6198
13 24 6028
13 25 7158
13 26 9358
13 27 4805
13 28 7362
13 29 6775
13 30 6444
14 1 3363
14 2 2069
14 3 3355
14 4 2874
14 6 6306
14 7 4655
14 8 4756
14 9 2366
14 10 3659
14 11 4607
14 12 3478
14 13 4008
14 15 4731
14 16 4092
14 17 4598
14 18 4294
14 19 3543
14 20 4271
14 21 3344
14 22 4991
14 23 3397
14 24 3361
14 25 4365
14 26 6565
14 27 2139
14 28 4574
14 29 3975
14 30 3644
15 1 2726
15 2 5450
15 3 2420
15 4 2811
15 6 6061
15 7 2635
15 8 2907
15 9 2574
15 10 1034
15 11 4633
15 12 5215
15 13 7719
15 14 5269
15 16 2726
15 17 452
15 18 2982
15 19 1965
15 20 2107
15 21 2692
15 22 1070
15 23 2010
15 24 5018
15 25 4168
15 26 6320
15 27 5439
15 28 3002
15 29 2477
15 30 2151
16 1 4650
16 2 3841
16 3 882
16 4 1511
16 6 3326
16 7 1150
16 8 918
16 9 3604
16 10 2583
16 11 2196
16 12 3152
16 13 8620
16 14 4851
16 15 2923
16 17 2612
16 18 239
16 19 1201
16 20 1056
16 21 4616
16 22 2462
16 23 1158
16 24 2955
16 25 1731
16 26 3585
16 27 3820
16 28 591
16 29 309
16 30 749
17 1 2819
17 2 5329
17 3 2098
17 4 2482
17 6 5739
17 7 2304
17 8 2576
17 9 2453
17 10 867
17 11 4311
17 12 4870
17 13 7598
17 14 5148
17 15 409
17 16 2511
17 18 2767
17 19 1643
17 20 1776
17 21 2785
17 22 622
17 23 1688
17 24 4673
17 25 3846
17 26 5998
17 27 5318
17 28 2671
17 29 2155
17 30 1829
18 1 4866
18 2 3856
18 3 1180
18 4 1809
18 6 3259
18 7 1159
18 8 928
18 9 3811
18 10 2799
18 11 2129
18 12 3114
18 13 8827
18 14 5050
18 15 3139
18 16 238
18 17 2828
18 19 1459
18 20 1117
18 21 4832
18 22 2678
18 23 1416
18 24 2917
18 25 1664
18 26 3518
18 27 3835
18 28 589
18 29 567
18 30 965
19 1 3694
19 2 3992
19 3 642
19 4 1124
19 6 4263
19 7 1542
19 8 1706
19 9 2595
19 10 1569
19 11 2871
19 12 3501
19 13 7694
19 14 4226
19 15 2119
19 16 1153
19 17 1808
19 18 1409
19 20 1054
19 21 3660
19 22 1908
19 23 135
19 24 3304
19 25 2406
19 26 4522
19 27 3981
19 28 1594
19 29 910
19 30 540
20 1 3966
20 2 4737
20 3 1165
20 4 1790
20 6 4332
20 7 644
20 8 916
20 9 3298
20 10 1899
20 11 3258
20 12 4235
20 13 8444
20 14 5048
20 15 2311
20 16 1061
20 17 2000
20 18 1103
20 19 1110
20 21 3932
20 22 1677
20 23 1085
20 24 4038
20 25 2793
20 26 4458
20 27 4726
20 28 1011
20 29 894
20 30 697
21 1 89
21 2 4561
21 3 3727
21 4 3295
21 6 6952
21 7 4245
21 8 4516
21 9 1489
21 10 2093
21 11 5253
21 12 4730
21 13 6014
21 14 3919
21 15 2683
21 16 4448
21 17 2764
21 18 4704
21 19 3494
21 20 3717
21 22 3345
21 23 3462
21 24 4613
21 25 4922
21 26 7211
21 27 4634
21 28 4612
21 29 4087
21 30 3760
22 1 3362
22 2 5511
22 3 2200
22 4 2641
22 6 5513
22 7 1943
22 8 2215
22 9 2892
22 10 1384
22 11 4383
22 12 5029
22 13 8124
22 14 5609
22 15 987
22 16 2234
22 17 586
22 18 2490
22 19 1802
22 20 1451
22 21 3328
22 23 1847
22 24 4832
22 25 3918
22 26 5757
22 27 5500
22 28 2310
22 29 2019
22 30 1732
23 1 3660
23 2 3882
23 3 500
23 4 1014
23 6 4212
23 7 1498
23 8 1662
23 9 2535
23 10 1558
23 11 2803
23 12 3391
23 13 7617
23 14 4116
23 15 2164
23 16 1109
23 17 1853
23 18 1365
23 19 136
23 20 1037
23 21 3626
23 22 1953
23 24 3194
23 25 2338
23 26 4471
23 27 3871
23 28 1550
23 29 866
23 30 496
24 1 4585
24 2 1913
24 3 2588
24 4 2125
24 6 3145
24 7 3795
24 8 3564
24 9 3261
24 10 3851
24 11 1493
24 12 192
24 13 7524
24 14 3835
24 15 4970
24 16 2702
24 17 4640
24 18 2662
24 19 3134
24 20 3773
24 21 4551
24 22 4740
24 23 2988
24 25 1284
24 26 3404
24 27 1833
24 28 3225
24 29 2872
24 30 3114
25 1 5193
25 2 3270
25 3 1859
25 4 2003
25 6 2027
25 7 2784
25 8 2553
25 9 3881
25 10 3494
25 11 460
25 12 1587
25 13 8882
25 14 5061
25 15 4322
25 16 1702
25 17 4011
25 18 1627
25 19 2405
25 20 2761
25 21 5159
25 22 4037
25 23 2335
25 24 1486
25 26 2286
25 27 3190
25 28 2224
25 29 1964
25 30 2229
26 1 7422
26 2 5499
26 3 4028
26 4 4315
26 6 424
26 7 4204
26 8 3973
26 9 6110
26 10 5683
26 11 2173
26 12 3678
26 13 11111
26 14 7290
26 15 6491
26 16 3575
26 17 6180
26 18 3500
26 19 4532
26 20 4412
26 21 7388
26 22 5941
26 23 4483
26 24 3674
26 25 2316
26 27 5419
26 28 3576
26 29 3837
26 30 4356
27 1 4232
27 2 81
27 3 3010
27 4 2435
27 6 4597
27 7 4388
27 8 4157
27 9 2936
27 10 3886
27 11 2898
27 12 1642
27 13 5980
27 14 2290
27 15 4958
27 16 3245
27 17 4825
27 18 3255
27 19 3410
27 20 4065
27 21 4213
27 22 5001
27 23 3265
27 24 1525
27 25 2656
27 26 4856
27 28 3818
27 29 3402
27 30 3398
28 1 4859
28 2 4424
28 3 1369
28 4 1998
28 6 3494
28 7 720
28 8 469
28 9 3962
28 10 2792
28 11 2737
28 12 3682
28 13 9107
28 14 5338
28 15 3204
28 16 601
28 17 2893
28 18 594
28 19 1647
28 20 1012
28 21 4825
28 22 2541
28 23 1604
28 24 3485
28 25 2272
28 26 3620
28 27 4403
28 29 740
28 30 1094
29 1 4298
29 2 3982
29 3 659
29 4 1287
29 6 3556
29 7 1122
29 8 891
29 9 3306
29 10 2231
29 11 2426
29 12 3293
29 13 8375
29 14 4716
29 15 2643
29 16 279
29 17 2332
29 18 535
29 19 927
29 20 859
29 21 4264
29 22 2215
29 23 884
29 24 3096
29 25 1961
29 26 3815
29 27 3961
29 28 709
29 30 469
30 1 3978
30 2 4034
30 3 472
30 4 1087
30 6 3998
30 7 1012
30 8 1172
30 9 2975
30 10 1911
30 11 2713
30 12 3542
30 13 8041
30 14 4398
30 15 2320
30 16 719
30 17 2009
30 18 975
30 19 559
30 20 649
30 21 3944
30 22 1909
30 23 516
30 24 3345
30 25 2248
30 26 4257
30 27 4023
30 28 1060
30 29 470
