1 2 707
1 6 787
1 7 1233
1 8 1180
1 9 2335
1 10 2399
1 11 1085
1 12 422
1 13 1492
1 14 805
1 15 2670
1 16 350
1 17 3952
1 18 3020
1 19 1654
1 20 679
1 21 412
1 22 1259
1 24 2848
1 25 2182
1 26 2038
1 27 4616
1 28 842
1 29 680
2 1 672
2 6 1437
2 7 624
2 8 971
2 9 2524
2 10 2588
2 11 1086
2 12 405
2 13 905
2 14 1280
2 15 2843
2 16 333
2 17 4522
2 18 2931
2 19 2222
2 20 451
2 21 267
2 22 1424
2 24 3473
2 25 2499
2 26 2297
2 27 5186
2 28 848
2 29 1070
6 1 817
6 2 1510
6 7 2036
6 8 2001
6 9 2680
6 10 2744
6 11 1484
6 12 1157
6 13 2325
6 14 1022
6 15 3032
6 16 1152
6 17 3454
6 18 3710
6 19 1448
6 20 1482
6 21 1214
6 22 1736
6 24 2020
6 25 2544
6 26 2401
6 27 4111
6 28 1286
6 29 1043
7 1 1095
7 2 520
7 6 1860
7 8 1033
7 9 2734
7 10 2798
7 11 1256
7 12 840
7 13 442
7 14 1313
7 15 3101
7 16 768
7 17 4946
7 18 2626
7 19 2657
7 20 834
7 21 699
7 22 1312
7 24 3896
7 25 2799
7 26 2507
7 27 5609
7 28 1137
7 29 1505
8 1 1053
8 2 789
8 6 1845
8 7 1073
8 9 2243
8 10 2283
8 11 964
8 12 718
8 13 1258
8 14 1756
8 15 2627
8 16 801
8 17 4903
8 18 3569
8 19 2574
8 20 533
8 21 890
8 22 2131
8 24 3854
8 25 2551
8 26 2216
8 27 5567
8 28 847
8 29 1466
9 1 2205
9 2 2398
9 6 2515
9 7 2725
9 8 2234
9 10 55
9 11 1722
9 12 2035
9 13 2988
9 14 2964
9 15 460
9 16 2224
9 17 5120
9 18 5225
9 19 1570
9 20 2024
9 21 2312
9 22 3466
9 24 3045
9 25 589
9 26 609
9 27 5361
9 28 1675
9 29 1665
10 1 2252
10 2 2424
10 6 2563
10 7 2750
10 8 2265
10 9 47
10 11 1770
10 12 2082
10 13 3013
10 14 3011
10 15 406
10 16 2271
10 17 5177
10 18 5273
10 19 1627
10 20 2071
10 21 2360
10 22 3513
10 24 3025
10 25 548
10 26 617
10 27 5418
10 28 1723
10 29 1712
11 1 993
11 2 998
11 6 1367
11 7 1325
11 8 976
11 9 1478
11 10 1542
11 12 635
11 13 1588
11 14 1745
11 15 1845
11 16 892
11 17 4718
11 18 3820
11 19 1688
11 20 624
11 21 980
11 22 2199
11 24 3169
11 25 1543
11 26 1252
11 27 5375
11 28 275
11 29 598
12 1 376
12 2 395
12 6 1084
12 7 895
12 8 789
12 9 2107
12 10 2172
12 11 674
12 13 1158
12 14 1082
12 15 2426
12 16 252
12 17 4229
12 18 3181
12 19 1834
12 20 300
12 21 340
12 22 1536
12 24 3146
12 25 2110
12 26 1881
12 27 4893
12 28 431
12 29 705
13 1 1375
13 2 840
13 6 2167
13 7 500
13 8 1259
13 9 3053
13 10 3118
13 11 1575
13 12 1177
13 14 1405
13 15 3421
13 16 1105
13 17 4962
13 18 2466
13 19 3043
13 20 1154
13 21 1026
13 22 1404
13 24 4181
13 25 3118
13 26 2827
13 27 5626
13 28 1456
13 29 1827
14 1 812
14 2 1008
14 6 1003
14 7 1312
14 8 1794
14 9 3102
14 10 3167
14 11 1847
14 12 1134
14 13 1516
14 15 3438
14 16 947
14 17 3755
14 18 2784
14 19 2079
14 20 1277
14 21 892
14 22 809
14 24 2931
14 25 2949
14 26 2806
14 27 4419
14 28 1604
14 29 1478
15 1 2621
15 2 2799
15 6 2932
15 7 3125
15 8 2621
15 9 487
15 10 439
15 11 2145
15 12 2457
15 13 3389
15 14 3380
15 16 2646
15 17 5507
15 18 5642
15 19 1906
15 20 2446
15 21 2735
15 22 3882
15 24 3192
15 25 681
15 26 750
15 27 5748
15 28 2098
15 29 2087
16 1 333
16 2 355
16 6 1097
16 7 887
16 8 911
16 9 2345
16 10 2409
16 11 965
16 12 283
16 13 1164
16 14 968
16 15 2733
16 17 4183
16 18 3078
16 19 1916
16 20 330
16 21 91
16 22 1372
16 24 3134
16 25 2244
16 26 2101
16 27 4847
16 28 727
16 29 737
17 1 3872
17 2 4478
17 6 3364
17 7 4839
17 8 4950
17 9 5213
17 10 5249
17 11 4727
17 12 4194
17 13 5012
17 14 3686
17 15 5538
17 16 4120
17 18 5951
17 19 3761
17 20 4450
17 21 4182
17 22 4286
17 24 2517
17 25 4902
17 26 4906
17 27 674
17 28 4529
17 29 4286
18 1 2938
18 2 2899
18 6 3593
18 7 2672
18 8 3615
18 9 5273
18 10 5337
18 11 3840
18 12 3160
18 13 2511
18 14 2693
18 15 5608
18 16 3012
18 17 5978
18 19 4469
18 20 3205
18 21 2927
18 22 1953
18 24 5427
18 25 5120
18 26 4977
18 27 6642
18 28 3602
18 29 3618
19 1 1672
19 2 2266
19 6 1450
19 7 2799
19 8 2711
19 9 1692
19 10 1728
19 11 1902
19 12 1886
19 13 3095
19 14 2090
19 15 1966
19 16 1937
19 17 3880
19 18 4566
19 20 2204
19 21 2000
19 22 2592
19 24 1534
19 25 1449
19 26 1357
19 27 4040
19 28 1855
19 29 1434
20 1 598
20 2 372
20 6 1363
20 7 698
20 8 579
20 9 2070
20 10 2135
20 11 632
20 12 275
20 13 962
20 14 1234
20 15 2390
20 16 266
20 17 4449
20 18 3194
20 19 2119
20 21 354
20 22 1638
20 24 3399
20 25 2098
20 26 1844
20 27 5112
20 28 394
20 29 1008
21 1 399
21 2 291
21 6 1163
21 7 822
21 8 1004
21 9 2437
21 10 2502
21 11 1057
21 12 376
21 13 1135
21 14 1034
21 15 2825
21 16 95
21 17 4249
21 18 2997
21 19 1982
21 20 422
21 22 1332
21 24 3200
21 25 2337
21 26 2194
21 27 4913
21 28 819
21 29 803
22 1 1252
22 2 1431
22 6 1687
22 7 1387
22 8 2233
22 9 3586
22 10 3651
22 11 2288
22 12 1575
22 13 1511
22 14 787
22 15 3921
22 16 1380
22 17 4344
22 18 2023
22 19 2563
22 20 1710
22 21 1316
22 24 3623
22 25 3433
22 26 3290
22 27 5008
22 28 2045
22 29 1911
24 1 2784
24 2 3493
24 6 1986
24 7 4019
24 8 3966
24 9 3046
24 10 3083
24 11 3404
24 12 3124
24 13 4252
24 14 2906
24 15 3200
24 16 3136
24 17 2599
24 18 5494
24 19 1503
24 20 3465
24 21 3198
24 22 3624
24 25 2645
24 26 2683
24 27 2758
24 28 3253
24 29 2901
25 1 2153
25 2 2505
25 6 2464
25 7 2873
25 8 2657
25 9 661
25 10 628
25 11 1858
25 12 2124
25 13 3136
25 14 2912
25 15 702
25 16 2230
25 17 4994
25 18 5174
25 19 1438
25 20 2159
25 21 2319
25 22 3414
25 24 2648
25 26 309
25 27 5154
25 28 1811
25 29 1671
26 1 1989
26 2 2253
26 6 2299
26 7 2580
26 8 2298
26 9 622
26 10 659
26 11 1577
26 12 1890
26 13 2843
26 14 2748
26 15 747
26 16 2066
26 17 4875
26 18 5009
26 19 1292
26 20 1879
26 21 2155
26 22 3250
26 24 2664
26 25 286
26 27 5116
26 28 1531
26 29 1507
27 1 4561
27 2 5166
27 6 4042
27 7 5528
27 8 5639
27 9 5368
27 10 5405
27 11 5405
27 12 4883
27 13 5700
27 14 4375
27 15 5693
27 16 4809
27 17 701
27 18 6639
27 19 3916
27 20 5138
27 21 4871
27 22 4975
27 24 2672
27 25 5058
27 26 5062
27 28 5207
27 29 4965
28 1 717
28 2 723
28 6 1140
28 7 1049
28 8 846
28 9 1676
28 10 1740
28 11 238
28 12 360
28 13 1313
28 14 1469
28 15 1995
28 16 616
28 17 4490
28 18 3545
28 19 1725
28 20 348
28 21 705
28 22 1923
28 24 3153
28 25 1704
28 26 1450
28 27 5147
28 29 657
29 1 656
29 2 1082
29 6 984
29 7 1615
29 8 1567
29 9 1773
29 10 1837
29 11 778
29 12 723
29 13 1921
29 14 1421
29 15 2161
29 16 727
29 17 4335
29 18 3676
29 19 1404
29 20 1062
29 21 790
29 22 1895
29 24 2901
29 25 1673
29 26 1530
29 27 4992
29 28 731
