1 2 1370
1 3 712
1 4 1230
1 7 3261
1 8 796
1 9 561
1 10 1491
1 11 1433
1 12 788
1 13 1000
1 14 1080
1 15 651
1 16 584
1 17 666
1 18 920
1 19 909
1 20 2088
1 21 3345
1 22 1284
1 23 1359
1 24 1357
1 27 2119
1 28 923
1 29 461
2 1 1695
2 3 1227
2 4 145
2 7 1907
2 8 1177
2 9 1041
2 10 1303
2 11 1282
2 12 1722
2 13 1151
2 14 2012
2 15 1350
2 16 1232
2 17 1065
2 18 1687
2 19 1011
2 20 2318
2 21 2505
2 22 1985
2 23 705
2 24 420
2 27 2938
2 28 1166
2 29 1274
3 1 812
3 2 1022
3 4 882
3 7 2753
3 8 699
3 9 344
3 10 1140
3 11 1083
3 12 766
3 13 289
3 14 997
3 15 555
3 16 488
3 17 449
3 18 796
3 19 580
3 20 1992
3 21 3017
3 22 1195
3 23 1010
3 24 856
3 27 2053
3 28 208
3 29 432
4 1 1543
4 2 136
4 3 1075
4 7 2027
4 8 1073
4 9 890
4 10 1261
4 11 1203
4 12 1571
4 13 999
4 14 1860
4 15 1198
4 16 1080
4 17 913
4 18 1560
4 19 908
4 20 2239
4 21 2526
4 22 1863
4 23 642
4 24 276
4 27 2810
4 28 1014
4 29 1122
7 1 3142
7 2 1462
7 3 2484
7 4 1592
7 8 2628
7 9 2488
7 10 2776
7 11 2733
7 12 3120
7 13 2343
7 14 3329
7 15 2797
7 16 2679
7 17 2511
7 18 3150
7 19 2462
7 20 3769
7 21 3976
7 22 3436
7 23 2156
7 24 1615
7 27 4389
7 28 2428
7 29 2721
8 1 905
8 2 1069
8 3 709
8 4 958
8 7 2964
8 9 390
8 10 761
8 11 703
8 12 956
8 13 821
8 14 1193
8 15 173
8 16 208
8 17 455
8 18 510
8 19 243
8 20 1547
8 21 2615
8 22 817
8 23 629
8 24 1085
8 27 1760
8 28 836
8 29 355
9 1 651
9 2 806
9 3 310
9 4 666
9 7 2697
9 8 378
9 10 926
9 11 869
9 12 679
9 13 436
9 14 968
9 15 354
9 16 287
9 17 103
9 18 690
9 19 344
9 20 1792
9 21 2781
9 22 1033
9 23 794
9 24 792
9 27 1976
9 28 447
9 29 234
10 1 1583
10 2 1162
10 3 1144
10 4 1077
10 7 3039
10 8 678
10 9 960
10 11 144
10 12 1634
10 13 1068
10 14 1871
10 15 851
10 16 886
10 17 983
10 18 1188
10 19 512
10 20 1861
10 21 2501
10 22 1482
10 23 813
10 24 1202
10 27 2436
10 28 1083
10 29 1033
11 1 1521
11 2 1082
11 3 1082
11 4 1015
11 7 2977
11 8 616
11 9 898
11 10 143
11 12 1572
11 13 1006
11 14 1809
11 15 789
11 16 824
11 17 921
11 18 1126
11 19 450
11 20 1800
11 21 2544
11 22 1420
11 23 751
11 24 1140
11 27 2374
11 28 1021
11 29 971
12 1 921
12 2 1581
12 3 901
12 4 1440
12 7 3402
12 8 949
12 9 769
12 10 1710
12 11 1652
12 13 1106
12 14 333
12 15 770
12 16 787
12 17 874
12 18 382
12 19 1119
12 20 2062
12 21 3564
12 22 621
12 23 1578
12 24 1507
12 27 1455
12 28 995
12 29 707
13 1 1105
13 2 950
13 3 293
13 4 810
13 7 2679
13 8 739
13 9 471
13 10 1069
13 11 1011
13 12 1058
13 14 1287
13 15 829
13 16 710
13 17 494
13 18 1109
13 19 509
13 20 2107
13 21 2945
13 22 1493
13 23 939
13 24 782
13 27 2366
13 28 84
13 29 707
14 1 1209
14 2 1867
14 3 1065
14 4 1727
14 7 3632
14 8 1165
14 9 1056
14 10 1926
14 11 1868
14 12 337
14 13 1333
14 15 989
14 16 1078
14 17 1161
14 18 655
14 19 1408
14 20 2261
14 21 3780
14 22 754
14 23 1794
14 24 1738
14 27 1164
14 28 1222
14 29 995
15 1 810
15 2 1244
15 3 613
15 4 1104
15 7 3135
15 8 184
15 9 450
15 10 945
15 11 887
15 12 807
15 13 899
15 14 1053
15 16 84
15 17 555
15 18 361
15 19 427
15 20 1433
15 21 2799
15 22 674
15 23 813
15 24 1230
15 27 1617
15 28 823
15 29 260
16 1 697
16 2 1119
16 3 500
16 4 979
16 7 3011
16 8 207
16 9 338
16 10 968
16 11 911
16 12 805
16 13 774
16 14 1126
16 15 67
16 17 443
16 18 433
16 19 450
16 20 1506
16 21 2823
16 22 746
16 23 836
16 24 1106
16 27 1690
16 28 711
16 29 147
17 1 760
17 2 839
17 3 419
17 4 699
17 7 2730
17 8 447
17 9 107
17 10 959
17 11 901
17 12 788
17 13 469
17 14 1078
17 15 463
17 16 396
17 18 799
17 19 377
17 20 1976
17 21 2814
17 22 1142
17 23 827
17 24 825
17 27 2085
17 28 480
17 29 343
18 1 1096
18 2 1631
18 3 972
18 4 1493
18 7 3531
18 8 562
18 9 811
18 10 1323
18 11 1265
18 12 441
18 13 1249
18 14 744
18 15 383
18 16 473
18 17 916
18 19 805
18 20 1820
18 21 3178
18 22 434
18 23 1191
18 24 1636
18 27 1377
18 28 1175
18 29 616
19 1 1101
19 2 890
19 3 654
19 4 787
19 7 2785
19 8 230
19 9 448
19 10 582
19 11 524
19 12 1129
19 13 578
19 14 1423
19 15 403
19 16 438
19 17 471
19 18 740
19 20 1598
19 21 2436
19 22 1038
19 23 450
19 24 914
19 27 1990
19 28 593
19 29 585
20 1 2423
20 2 2382
20 3 2226
20 4 2316
20 7 4277
20 8 1741
20 9 2063
20 10 2102
20 11 2045
20 12 2248
20 13 2388
20 14 2452
20 15 1618
20 16 1708
20 17 2281
20 18 1902
20 19 1810
20 21 2344
20 22 1679
20 23 2131
20 24 2440
20 27 2296
20 28 2403
20 29 1873
21 1 3816
21 2 2647
21 3 3398
21 4 2679
21 7 4593
21 8 2910
21 9 3192
21 10 2806
21 11 2857
21 12 3866
21 13 3322
21 14 4104
21 15 3083
21 16 3119
21 17 3215
21 18 3420
21 19 2744
21 20 2388
21 22 3458
21 23 2970
21 24 2953
21 27 4262
21 28 3337
21 29 3266
22 1 1459
22 2 1885
22 3 1286
22 4 1764
22 7 3780
22 8 823
22 9 1125
22 10 1573
22 11 1516
22 12 658
22 13 1559
22 14 780
22 15 669
22 16 759
22 17 1230
22 18 398
22 19 1059
22 20 1517
22 21 3174
22 23 1445
22 24 1890
22 27 1107
22 28 1496
22 29 931
23 1 1524
23 2 622
23 3 1087
23 4 594
23 7 2517
23 8 619
23 9 901
23 10 886
23 11 828
23 12 1575
23 13 1011
23 14 1812
23 15 792
23 16 827
23 17 924
23 18 1129
23 19 453
23 20 1956
23 21 2680
23 22 1427
23 24 705
23 27 2379
23 28 1026
23 29 974
24 1 1671
24 2 408
24 3 1023
24 4 277
24 7 2049
24 8 1201
24 9 1018
24 10 1387
24 11 1329
24 12 1661
24 13 963
24 14 1892
24 15 1327
24 16 1209
24 17 1041
24 18 1691
24 19 1036
24 20 2365
24 21 2798
24 22 1992
24 23 766
24 27 2948
24 28 978
24 29 1250
27 1 2306
27 2 2862
27 3 2178
27 4 2734
27 7 4746
27 8 1793
27 9 2095
27 10 2554
27 11 2497
27 12 1505
27 13 2465
27 14 1203
27 15 1639
27 16 1729
27 17 2200
27 18 1368
27 19 2036
27 20 2121
27 21 4021
27 22 1133
27 23 2422
27 24 2851
27 28 2390
27 29 1901
28 1 1030
28 2 956
28 3 218
28 4 816
28 7 2689
28 8 745
28 9 477
28 10 1075
28 11 1017
28 12 946
28 13 79
28 14 1176
28 15 773
28 16 706
28 17 500
28 18 1039
28 19 515
28 20 2113
28 21 2951
28 22 1448
28 23 945
28 24 792
28 27 2297
28 29 650
29 1 550
29 2 1071
29 3 425
29 4 931
29 7 2963
29 8 337
29 9 264
29 10 1057
29 11 999
29 12 661
29 13 701
29 14 951
29 15 193
29 16 126
29 17 369
29 18 525
29 19 539
29 20 1629
29 21 2911
29 22 868
29 23 925
29 24 1058
29 27 1811
29 28 635
