1 2 513
1 3 704
1 4 1973
1 5 689
1 6 15820
1 8 1615
1 9 1839
1 10 1885
1 11 761
1 12 1089
1 13 1734
1 14 2144
1 15 2019
1 16 1028
1 17 1236
1 18 1135
1 19 821
1 20 1164
1 22 727
1 23 391
1 24 492
1 25 1136
1 27 1430
2 1 653
2 3 1046
2 4 2149
2 5 443
2 6 15574
2 8 1368
2 9 1593
2 10 1639
2 11 1000
2 12 908
2 13 1488
2 14 2320
2 15 2196
2 16 695
2 17 1127
2 18 1022
2 19 1125
2 20 1051
2 22 614
2 23 578
2 24 222
2 25 1143
2 27 1668
3 1 890
3 2 1115
3 4 1933
3 5 1147
3 6 15995
3 8 1715
3 9 1939
3 10 1985
3 11 524
3 12 1225
3 13 1834
3 14 2039
3 15 1830
3 16 1642
3 17 1332
3 18 1153
3 19 414
3 20 1146
3 22 990
3 23 585
3 24 1157
3 25 1096
3 27 943
4 1 2060
4 2 2133
4 3 1822
4 5 2139
4 6 14817
4 8 1398
4 9 1653
4 10 1699
4 11 1654
4 12 1433
4 13 1481
4 14 208
4 15 423
4 16 2710
4 17 1213
4 18 1211
4 19 1486
4 20 1240
4 22 1747
4 23 1603
4 24 2216
4 25 1115
4 27 1240
5 1 858
5 2 472
5 3 1109
5 4 2177
5 6 15193
5 8 1134
5 9 1243
5 10 1289
5 11 1332
5 12 791
5 13 1242
5 14 2397
5 15 2282
5 16 723
5 17 1004
5 18 1047
5 19 1163
5 20 1076
5 22 585
5 23 718
5 24 554
5 25 1192
5 27 1700
6 1 15696
6 2 15310
6 3 15632
6 4 14603
6 5 14908
6 8 14228
6 9 13914
6 10 13870
6 11 15590
6 12 14565
6 13 14138
6 14 14540
6 15 14755
6 16 15492
6 17 14621
6 18 14808
6 19 15328
6 20 14837
6 22 14959
6 23 15352
6 24 15393
6 25 14971
6 27 15724
8 1 1495
8 2 1219
8 3 1464
8 4 1265
8 5 957
8 6 14341
8 9 285
8 10 331
8 11 1422
8 12 397
8 13 180
8 14 1481
8 15 1638
8 16 1541
8 17 453
8 18 640
8 19 1160
8 20 669
8 22 791
8 23 1184
8 24 1302
8 25 785
8 27 1620
9 1 1749
9 2 1473
9 3 1718
9 4 1594
9 5 1102
9 6 14056
9 8 314
9 10 46
9 11 1676
9 12 651
9 13 224
9 14 1810
9 15 1979
9 16 1686
9 17 707
9 18 894
9 19 1414
9 20 923
9 22 1045
9 23 1438
9 24 1556
9 25 1039
9 27 1874
10 1 1794
10 2 1517
10 3 1762
10 4 1638
10 5 1147
10 6 14010
10 8 359
10 9 45
10 11 1721
10 12 696
10 13 268
10 14 1855
10 15 2023
10 16 1730
10 17 752
10 18 938
10 19 1459
10 20 967
10 22 1089
10 23 1482
10 24 1600
10 25 1083
10 27 1919
11 1 1002
11 2 1084
11 3 512
11 4 1749
11 5 1371
11 6 15934
11 8 1654
11 9 1878
11 10 1924
11 12 1164
11 13 1773
11 14 1849
11 15 1640
11 16 1417
11 17 1271
11 18 1092
11 19 247
11 20 1085
11 22 1131
11 23 800
11 24 931
11 25 1035
11 27 683
12 1 1102
12 2 831
12 3 1067
12 4 1399
12 5 675
12 6 14770
12 8 489
12 9 714
12 10 760
12 11 1025
12 13 609
12 14 1588
12 15 1478
12 16 1245
12 17 226
12 18 243
12 19 763
12 20 272
12 22 355
12 23 787
12 24 913
12 25 388
12 27 1223
13 1 1615
13 2 1338
13 3 1584
13 4 1396
13 5 1066
13 6 14250
13 8 180
13 9 195
13 10 240
13 11 1542
13 12 517
13 14 1613
13 15 1770
13 16 1649
13 17 573
13 18 759
13 19 1280
13 20 788
13 22 910
13 23 1303
13 24 1421
13 25 904
13 27 1740
14 1 2227
14 2 2301
14 3 1931
14 4 206
14 5 2355
14 6 14762
14 8 1612
14 9 1861
14 10 1907
14 11 1756
14 12 1629
14 13 1688
14 15 293
14 16 2758
14 17 1444
14 18 1398
14 19 1607
14 20 1427
14 22 1934
14 23 1771
14 24 2383
14 25 1302
14 27 1273
15 1 2141
15 2 2214
15 3 1759
15 4 453
15 5 2266
15 6 15016
15 8 1819
15 9 2117
15 10 2163
15 11 1584
15 12 1552
15 13 1957
15 14 331
15 16 2671
15 17 1432
15 18 1321
15 19 1435
15 20 1350
15 22 1857
15 23 1684
15 24 2297
15 25 1225
15 27 1101
16 1 1258
16 2 823
16 3 1694
16 4 2847
16 5 822
16 6 15882
16 8 1822
16 9 1932
16 10 1977
16 11 1464
16 12 1448
16 13 1930
16 14 2903
16 15 2778
16 17 1674
16 18 1693
16 19 1697
16 20 1722
16 22 1231
16 23 1243
16 24 771
16 25 1838
16 27 2133
17 1 1289
17 2 1067
17 3 1166
17 4 1173
17 5 911
17 6 14819
17 8 539
17 9 763
17 10 809
17 11 1124
17 12 221
17 13 658
17 14 1393
17 15 1345
17 16 1482
17 18 197
17 19 862
17 20 226
17 22 545
17 23 902
17 24 1150
17 25 342
17 27 1271
18 1 1204
18 2 977
18 3 1015
18 4 1192
18 5 978
18 6 15034
18 8 753
18 9 978
18 10 1024
18 11 973
18 12 264
18 13 873
18 14 1377
18 15 1268
18 16 1528
18 17 226
18 19 711
18 20 29
18 22 522
18 23 800
18 24 1060
18 25 177
18 27 1091
19 1 1004
19 2 1216
19 3 410
19 4 1589
19 5 1226
19 6 15687
19 8 1407
19 9 1631
19 10 1677
19 11 262
19 12 917
19 13 1526
19 14 1712
19 15 1503
19 16 1670
19 17 1024
19 18 845
19 20 838
19 22 984
19 23 686
19 24 1184
19 25 788
19 27 585
20 1 1232
20 2 1005
20 3 1007
20 4 1220
20 5 1006
20 6 15062
20 8 781
20 9 1006
20 10 1052
20 11 965
20 12 292
20 13 901
20 14 1405
20 15 1296
20 16 1556
20 17 254
20 18 28
20 19 703
20 22 550
20 23 788
20 24 1088
20 25 205
20 27 1074
22 1 771
22 2 544
22 3 838
22 4 1680
22 5 478
22 6 15109
22 8 828
22 9 1053
22 10 1099
22 11 982
22 12 376
22 13 948
22 14 1865
22 15 1756
22 16 1028
22 17 523
22 18 490
22 19 817
22 20 519
22 23 490
22 24 627
22 25 633
22 27 1354
23 1 455
23 2 522
23 3 462
23 4 1595
23 5 625
23 6 15610
23 8 1329
23 9 1554
23 10 1600
23 11 690
23 12 840
23 13 1449
23 14 1766
23 15 1642
23 16 1061
23 17 933
23 18 803
23 19 571
23 20 808
23 22 519
23 24 605
23 25 758
23 27 1108
24 1 591
24 2 201
24 3 1057
24 4 2195
24 5 488
24 6 15620
24 8 1414
24 9 1639
24 10 1684
24 11 827
24 12 954
24 13 1533
24 14 2366
24 15 2241
24 16 626
24 17 1173
24 18 1068
24 19 1061
24 20 1097
24 22 660
24 23 624
24 25 1189
24 27 1496
25 1 1222
25 2 1124
25 3 984
25 4 1120
25 5 1147
25 6 15181
25 8 922
25 9 1147
25 10 1193
25 11 943
25 12 433
25 13 1042
25 14 1305
25 15 1196
25 16 1697
25 17 395
25 18 202
25 19 681
25 20 231
25 22 689
25 23 765
25 24 1207
25 27 912
27 1 1605
27 2 1809
27 3 1011
27 4 1386
27 5 1809
27 6 16096
27 8 1973
27 9 2198
27 10 2243
27 11 734
27 12 1484
27 13 2092
27 14 1422
27 15 1212
27 16 2142
27 17 1459
27 18 1253
27 19 624
27 20 1282
27 22 1567
27 23 1269
27 24 1656
27 25 1057
